xof 0303txt 0032
template VertexDuplicationIndices {
 <b8d65549-d7c9-4995-89cf-53a9a8b031e3>
 DWORD nIndices;
 DWORD nOriginalVertices;
 array DWORD indices[nIndices];
}

template EffectParamDWord {
 <e13963bc-ae51-4c5d-b00f-cfa3a9d97ce5>
 STRING ParamName;
 DWORD Value;
}

template FVFData {
 <b6e70a0e-8ef9-4e83-94ad-ecc8b0c04897>
 DWORD dwFVF;
 DWORD nDWords;
 array DWORD data[nDWords];
}

template EffectFloats {
 <f1cfe2b3-0de3-4e28-afa1-155a750a282d>
 DWORD nFloats;
 array FLOAT Floats[nFloats];
}

template EffectString {
 <d55b097e-bdb6-4c52-b03d-6051c89d0e42>
 STRING Value;
}

template EffectDWord {
 <622c0ed0-956e-4da9-908a-2af94f3ce716>
 DWORD Value;
}

template EffectInstance {
 <e331f7e4-0559-4cc2-8e99-1cec1657928f>
 STRING EffectFilename;
 [...]
}

template AnimTicksPerSecond {
 <9e415a43-7ba6-4a73-8743-b73d47e88476>
 DWORD AnimTicksPerSecond;
}

template VertexElement {
 <f752461c-1e23-48f6-b9f8-8350850f336f>
 DWORD Type;
 DWORD Method;
 DWORD Usage;
 DWORD UsageIndex;
}

template DeclData {
 <bf22e553-292c-4781-9fea-62bd554bdd93>
 DWORD nElements;
 array VertexElement Elements[nElements];
 DWORD nDWords;
 array DWORD data[nDWords];
}

template EffectParamFloats {
 <3014b9a0-62f5-478c-9b86-e4ac9f4e418b>
 STRING ParamName;
 DWORD nFloats;
 array FLOAT Floats[nFloats];
}

template EffectParamString {
 <1dbc4c88-94c1-46ee-9076-2c28818c9481>
 STRING ParamName;
 STRING Value;
}


AnimTicksPerSecond {
 4800;
}

Frame {
 

 FrameTransformMatrix {
  1.000000,0.000000,0.000000,0.000000,0.000000,1.000000,0.000000,0.000000,0.000000,0.000000,1.000000,0.000000,0.000000,0.000000,0.000000,1.000000;;
 }

 Frame Pelvis {
  

  FrameTransformMatrix {
   0.897457,0.073531,0.434930,0.000000,-0.176322,0.963608,0.200922,0.000000,-0.404328,-0.257006,0.877762,0.000000,0.059178,-23.675571,5.013062,1.000000;;
  }

  Frame Spine1 {
   

   FrameTransformMatrix {
    0.847868,-0.112914,-0.518044,0.000000,-0.006181,0.974889,-0.222605,0.000000,0.530171,0.191942,0.825880,0.000000,0.000000,3.119160,-0.018139,1.000000;;
   }

   Frame Spine2 {
    

    FrameTransformMatrix {
     0.990255,0.086860,-0.108857,0.000000,-0.086981,0.996203,0.003650,0.000000,0.108760,0.005854,0.994051,0.000000,0.000000,4.392325,-0.145809,1.000000;;
    }

    Frame Spine3 {
     

     FrameTransformMatrix {
      0.990158,0.086914,-0.109699,0.000000,-0.086706,0.996212,0.006670,0.000000,0.109863,0.002907,0.993942,0.000000,0.000000,7.576340,0.364192,1.000000;;
     }

     Frame Neck {
      

      FrameTransformMatrix {
       0.959896,0.051686,0.275550,0.000000,-0.083122,0.991134,0.103650,0.000000,-0.267750,-0.122398,0.955682,0.000000,0.000000,14.094136,2.840665,1.000000;;
      }

      Frame Head {
       

       FrameTransformMatrix {
        0.991372,-0.038362,0.125338,0.000000,-0.060320,0.715433,0.696073,0.000000,-0.116374,-0.697628,0.706946,0.000000,0.000000,4.746670,-1.893238,1.000000;;
       }

       Frame Jaw {
        

        FrameTransformMatrix {
         0.997938,0.004571,-0.064026,0.000000,-0.027847,0.929541,-0.367665,0.000000,0.057834,0.368690,0.927751,0.000000,-0.000000,1.819730,-0.840837,1.000000;;
        }
       }
      }
     }

     Frame right_collar {
      

      FrameTransformMatrix {
       0.733569,-0.620985,0.276140,0.000000,0.654603,0.754834,-0.041485,0.000000,-0.182678,0.211194,0.960222,0.000000,-1.744607,6.201427,1.721521,1.000000;;
      }

      Frame right_shoulder {
       

       FrameTransformMatrix {
        0.591511,0.110089,0.798746,0.000000,-0.401441,0.899334,0.173334,0.000000,-0.699257,-0.423178,0.576159,0.000000,-7.649998,1.790271,1.438404,1.000000;;
       }

       Frame right_elbow {
        

        FrameTransformMatrix {
         0.312659,0.000000,0.949865,0.000000,-0.000000,1.000000,0.000000,0.000000,-0.949865,-0.000000,0.312659,0.000000,-16.866652,-0.000002,-0.000001,1.000000;;
        }

        Frame right_wrist {
         

         FrameTransformMatrix {
          0.877642,-0.473588,0.073878,0.000000,0.476869,0.878282,-0.034872,0.000000,-0.048370,0.065835,0.996657,0.000000,-16.125519,-0.000001,0.000001,1.000000;;
         }

         Frame right_middle1 {
          

          FrameTransformMatrix {
           0.316170,-0.034965,0.948058,0.000000,-0.499718,-0.855587,0.135097,0.000000,0.806424,-0.516476,-0.287984,0.000000,-5.603878,-1.201900,0.888711,1.000000;;
          }

          Frame right_middle2 {
           

           FrameTransformMatrix {
            0.993600,-0.103570,0.045068,0.000000,0.071618,0.886223,0.457688,0.000000,-0.087343,-0.451532,0.887971,0.000000,-0.000002,2.697083,-0.000000,1.000000;;
           }
          }
         }

         Frame right_thumb1 {
          

          FrameTransformMatrix {
           0.823555,0.186805,0.535595,0.000000,-0.376288,0.886465,0.269417,0.000000,-0.424458,-0.423418,0.800346,0.000000,-2.838661,-1.209380,-1.297963,1.000000;;
          }

          Frame right_thumb2 {
           

           FrameTransformMatrix {
            -0.230383,-0.067453,0.970760,0.000000,-0.921858,-0.304318,-0.239923,0.000000,0.311604,-0.950181,0.007928,0.000000,-2.486589,-1.379890,-1.503717,1.000000;;
           }
          }
         }

         Frame right_index1 {
          

          FrameTransformMatrix {
           0.038136,0.001769,0.999271,0.000000,-0.620454,-0.783841,0.025067,0.000000,0.783315,-0.620959,-0.028795,0.000000,-6.041969,-1.162120,-1.268215,1.000000;;
          }

          Frame right_index2 {
           

           FrameTransformMatrix {
            0.993611,-0.107583,0.034094,0.000000,0.071491,0.833770,0.547462,0.000000,-0.087324,-0.541528,0.836136,0.000000,-0.000004,2.179956,0.000000,1.000000;;
           }
          }
         }
        }
       }
      }
     }
    }
   }

   Frame Spine2_Split {
    

    FrameTransformMatrix {
     0.990255,0.086860,-0.108857,0.000000,-0.086981,0.996203,0.003650,0.000000,0.108760,0.005854,0.994051,0.000000,0.000000,4.392325,-0.145809,1.000000;;
    }

    Frame Spine3_Split {
     

     FrameTransformMatrix {
      0.990158,0.086914,-0.109699,0.000000,-0.086706,0.996212,0.006670,0.000000,0.109863,0.002907,0.993942,0.000000,0.000000,7.576340,0.364192,1.000000;;
     }

     Frame left_collar {
      

      FrameTransformMatrix {
       0.716929,0.692369,-0.081478,0.000000,-0.696858,0.715082,-0.055201,0.000000,0.020044,0.096353,0.995145,0.000000,1.744608,6.201363,1.721521,1.000000;;
      }

      Frame left_shoulder {
       

       FrameTransformMatrix {
        -0.506237,-0.860282,-0.060323,0.000000,0.848938,-0.509426,0.140673,0.000000,-0.151749,0.020003,0.988217,0.000000,7.649997,1.790337,1.438405,1.000000;;
       }

       Frame left_elbow {
        

        FrameTransformMatrix {
         0.992470,0.000000,-0.122485,0.000000,0.000000,1.000000,0.000000,0.000000,0.122485,0.000000,0.992470,0.000000,16.866646,-0.000001,-0.000002,1.000000;;
        }

        Frame left_wrist {
         

         FrameTransformMatrix {
          0.199753,0.727199,-0.656721,0.000000,0.385584,0.557815,0.734961,0.000000,0.900791,-0.400031,-0.168972,0.000000,16.125458,-0.000001,0.000000,1.000000;;
         }

         Frame left_middle1 {
          

          FrameTransformMatrix {
           0.128290,0.000017,-0.991739,0.000000,0.885379,-0.450540,0.114523,0.000000,-0.446816,-0.892756,-0.057814,0.000000,5.604034,-1.201883,0.888710,1.000000;;
          }

          Frame left_middle2 {
           

           FrameTransformMatrix {
            0.999642,-0.022839,0.014168,0.000000,0.020778,0.991083,0.131591,0.000000,-0.017047,-0.131249,0.991203,0.000000,0.000001,2.697086,0.000001,1.000000;;
           }
          }
         }

         Frame left_thumb1 {
          

          FrameTransformMatrix {
           0.911507,-0.229062,-0.341598,0.000000,0.222796,0.973134,-0.058047,0.000000,0.345717,-0.023197,0.938052,0.000000,2.838677,-1.209396,-1.297965,1.000000;;
          }

          Frame left_thumb2 {
           

           FrameTransformMatrix {
            -0.145200,0.000035,-0.989405,0.000000,0.968340,-0.205232,-0.142116,0.000000,-0.203062,-0.978711,0.029766,0.000000,2.486555,-1.379926,-1.503716,1.000000;;
           }
          }
         }

         Frame left_index1 {
          

          FrameTransformMatrix {
           -0.101105,-0.006243,-0.994858,0.000000,0.965795,-0.240620,-0.096642,0.000000,-0.238780,-0.970599,0.030358,0.000000,6.041988,-1.162051,-1.268214,1.000000;;
          }

          Frame left_index2 {
           

           FrameTransformMatrix {
            1.000000,-0.001909,0.001170,0.000000,0.002001,0.996473,-0.083866,0.000000,-0.001006,0.083868,0.996476,0.000000,0.000003,2.180115,0.000001,1.000000;;
           }
          }
         }
        }

        Frame left_armSkin {
         

         FrameTransformMatrix {
          0.337967,-0.840955,0.422582,0.000000,-0.940911,-0.312165,0.131288,0.000000,0.021509,-0.441983,-0.896765,0.000000,6.413626,-1.966490,-0.262939,1.000000;;
         }
        }
       }
      }
     }
    }
   }
  }

  Frame left_thigh {
   

   FrameTransformMatrix {
    0.811146,-0.248865,-0.529253,0.000000,0.101129,0.951000,-0.292185,0.000000,0.576034,0.183482,0.796567,0.000000,4.892158,-2.433829,0.000000,1.000000;;
   }

   Frame left_knee {
    

    FrameTransformMatrix {
     1.000000,0.000000,0.000000,0.000000,0.000000,0.999410,0.034359,0.000000,0.000000,-0.034359,0.999410,0.000000,0.000000,-25.330862,2.563741,1.000000;;
    }

    Frame left_ankle {
     

     FrameTransformMatrix {
      0.999105,0.041378,-0.008734,0.000000,-0.042093,0.992925,-0.111034,0.000000,0.004077,0.111303,0.993778,0.000000,-0.000001,-25.500002,3.471096,1.000000;;
     }

     Frame left_ball {
      

      FrameTransformMatrix {
       0.999988,0.002769,0.004033,0.000000,-0.002834,0.999865,0.016196,0.000000,-0.003988,-0.016208,0.999861,0.000000,0.000001,-6.490501,-10.162699,1.000000;;
      }
     }
    }
   }
  }

  Frame right_thigh {
   

   FrameTransformMatrix {
    0.955379,-0.286351,0.072491,0.000000,-0.295130,-0.915194,0.274442,0.000000,-0.012244,-0.283590,-0.958867,0.000000,-4.892159,-2.433825,0.000000,1.000000;;
   }

   Frame right_knee {
    

    FrameTransformMatrix {
     1.000000,0.000000,0.000000,0.000000,0.000000,0.999410,0.034359,0.000000,0.000000,-0.034359,0.999410,0.000000,-0.000000,25.330931,-2.563734,1.000000;;
    }

    Frame right_ankle {
     

     FrameTransformMatrix {
      0.977892,-0.201908,0.054417,0.000000,0.207956,0.966306,-0.151679,0.000000,-0.021958,0.159642,0.986931,0.000000,0.000003,25.499910,-3.471074,1.000000;;
     }

     Frame right_ball {
      

      FrameTransformMatrix {
       0.999518,-0.018298,-0.025093,0.000000,0.018562,0.999774,0.010354,0.000000,0.024897,-0.010815,0.999631,0.000000,-0.000002,6.490494,10.162700,1.000000;;
      }
     }
    }
   }
  }
 }

 Frame A_split_mat {
  

  FrameTransformMatrix {
   1.000000,0.000000,0.000000,0.000000,0.000000,1.000000,0.000000,0.000000,0.000000,0.000000,1.000000,0.000000,0.000000,0.000000,0.000000,1.000000;;
  }

  Mesh A_split_mat {
   1798;
   -27.258369;82.387352;2.498674;,
   -24.504444;81.786041;3.331374;,
   -27.286978;81.172623;2.637373;,
   -25.846157;82.259300;1.505515;,
   -18.302589;82.291687;0.449366;,
   -25.844427;83.783730;1.322927;,
   -19.316053;83.756096;0.259721;,
   -24.163830;84.694893;2.481748;,
   -27.278118;83.932297;1.970072;,
   -26.211987;84.896355;1.996278;,
   -25.120552;85.538254;3.666091;,
   -23.141813;85.082901;3.991595;,
   -25.287966;84.432739;4.297925;,
   -23.293230;83.446831;5.436339;,
   -28.649406;84.804543;2.073929;,
   -28.338757;85.680946;3.416708;,
   -27.274750;84.541908;4.345722;,
   -26.946768;83.359947;5.856623;,
   -25.223799;83.496941;5.936207;,
   -25.935984;81.885902;4.954210;,
   -23.995003;81.453094;4.658465;,
   -26.329208;81.012711;4.503761;,
   -24.504444;81.786041;3.331374;,
   -27.286978;81.172623;2.637373;,
   -27.493750;82.261276;5.137055;,
   -27.861895;81.410591;4.673220;,
   -28.956015;81.592987;2.705739;,
   -49.551052;80.369263;0.264745;,
   -47.824505;80.567627;0.033444;,
   -49.313618;80.073578;0.040638;,
   -48.163731;80.963287;0.269002;,
   -46.642284;81.729874;0.529000;,
   -46.515739;81.079079;-0.026257;,
   -49.531002;80.141663;0.740885;,
   -47.825497;80.681053;0.928870;,
   -47.339012;81.239571;1.229316;,
   -46.515739;81.079079;-0.026257;,
   -46.248508;80.423912;0.909596;,
   -47.824505;80.567627;0.033444;,
   -47.544083;80.097008;0.513093;,
   -49.296074;79.704346;0.490442;,
   -49.313618;80.073578;0.040638;,
   -49.551052;80.369263;0.264745;,
   -49.531002;80.141663;0.740885;,
   -47.825497;80.681053;0.928870;,
   -47.339012;81.239571;1.229316;,
   -48.784817;81.711952;1.383677;,
   -48.888329;81.132408;1.955032;,
   -50.415237;81.420715;1.391211;,
   -50.403530;80.977005;1.842518;,
   -52.724812;80.689156;1.285820;,
   -53.158043;80.375679;1.700995;,
   -53.402077;80.925194;1.683203;,
   -52.920780;80.670532;2.148149;,
   -50.727802;81.334419;2.365463;,
   -48.879654;81.739731;2.586028;,
   -53.402077;80.925194;1.683203;,
   -50.415237;81.420715;1.391211;,
   -52.724812;80.689156;1.285820;,
   -50.717342;81.773407;1.822055;,
   -48.784817;81.711952;1.383677;,
   -49.097431;82.181053;1.895921;,
   -48.879654;81.739731;2.586028;,
   -50.727802;81.334419;2.365463;,
   -52.920780;80.670532;2.148149;,
   27.258371;82.387375;2.498674;,
   27.286993;81.172638;2.637377;,
   24.504457;81.786049;3.331374;,
   25.846169;82.259323;1.505512;,
   25.844446;83.783730;1.322925;,
   27.278133;83.932304;1.970075;,
   24.163843;84.694901;2.481742;,
   26.211998;84.896362;1.996270;,
   18.302603;82.291695;0.449365;,
   19.316069;83.756096;0.259720;,
   27.286993;81.172638;2.637377;,
   26.329214;81.012726;4.503761;,
   24.504457;81.786049;3.331374;,
   23.995008;81.453102;4.658465;,
   25.935989;81.885918;4.954210;,
   23.293226;83.446854;5.436342;,
   25.223795;83.496964;5.936205;,
   25.287973;84.432755;4.297927;,
   23.141823;85.082916;3.991594;,
   27.493763;82.261284;5.137056;,
   26.946777;83.359962;5.856624;,
   27.274757;84.541924;4.345723;,
   25.120575;85.538254;3.666084;,
   28.649422;84.804550;2.073929;,
   28.338770;85.680946;3.416708;,
   34.580261;81.708656;2.590987;,
   34.469875;83.156693;1.705334;,
   42.140182;81.847977;2.749027;,
   47.946896;82.349174;4.839321;,
   44.429073;82.596436;4.717229;,
   47.425907;81.979698;5.437139;,
   45.311119;83.265099;3.715328;,
   44.451530;83.458549;3.734185;,
   43.010654;82.883507;4.460314;,
   44.308056;81.544533;4.973913;,
   48.161694;82.755394;3.752575;,
   45.642666;83.275955;2.705697;,
   44.587948;83.565300;2.777125;,
   43.116047;84.050056;3.830044;,
   48.065701;82.840080;2.568222;,
   47.415539;82.506638;1.601189;,
   46.391060;81.290527;2.963115;,
   45.426952;80.639961;4.469181;,
   43.408287;81.978462;2.666635;,
   43.209927;82.110336;3.910186;,
   41.997078;82.119156;3.864284;,
   42.140182;81.847977;2.749027;,
   34.217144;81.825966;4.248463;,
   34.580261;81.708656;2.590987;,
   44.308056;81.544533;4.973913;,
   41.726276;83.147987;4.412479;,
   33.737244;83.309837;5.179417;,
   41.864185;83.923454;3.745096;,
   33.421242;84.812195;3.270232;,
   41.912476;83.855301;2.675768;,
   33.995182;84.424225;2.106870;,
   43.344711;84.098938;2.568717;,
   43.353931;83.116554;2.052648;,
   41.928871;83.050270;2.247012;,
   43.408287;81.978462;2.666635;,
   34.469875;83.156693;1.705334;,
   36.851761;79.447411;4.305099;,
   39.414722;76.881500;5.602963;,
   35.489986;76.412529;5.686106;,
   28.956011;81.593002;2.705738;,
   34.580238;81.708656;2.590986;,
   32.937336;78.913193;4.226495;,
   36.841438;79.447411;4.502094;,
   35.489986;76.412529;5.686106;,
   39.414722;76.881500;5.602963;,
   32.927013;78.913193;4.423490;,
   34.580238;81.708656;2.590986;,
   28.956011;81.593002;2.705738;,
   28.649422;84.804550;2.073929;,
   28.338770;85.680946;3.416708;,
   33.995182;84.424225;2.106870;,
   33.421242;84.812195;3.270232;,
   27.274757;84.541924;4.345723;,
   33.737244;83.309837;5.179417;,
   26.946777;83.359962;5.856624;,
   27.493763;82.261284;5.137056;,
   34.217144;81.825966;4.248463;,
   27.861904;81.410606;4.673220;,
   28.956028;81.592995;2.705740;,
   34.580261;81.708656;2.590987;,
   26.329214;81.012726;4.503761;,
   27.286993;81.172638;2.637377;,
   34.469875;83.156693;1.705334;,
   28.649422;84.804550;2.073929;,
   29.000008;83.368378;1.402680;,
   27.278133;83.932304;1.970075;,
   26.211998;84.896362;1.996270;,
   34.580261;81.708656;2.590987;,
   28.956028;81.592995;2.705740;,
   27.286993;81.172638;2.637377;,
   27.258371;82.387375;2.498674;,
   36.851761;79.447411;4.305099;,
   35.489986;76.412529;5.686106;,
   34.580238;81.708656;2.590986;,
   2.422881;35.393703;3.120764;,
   3.187480;34.480827;1.690961;,
   2.115812;31.827085;3.455858;,
   3.104983;31.544991;1.763661;,
   4.149466;32.827919;0.006697;,
   4.088418;30.181341;0.243947;,
   6.180201;30.253588;0.233215;,
   6.107934;33.023346;-0.039772;,
   6.836333;31.930239;1.468827;,
   2.115512;37.566738;0.251256;,
   3.931835;35.432446;-1.755741;,
   4.938586;34.409172;-0.243461;,
   6.358916;34.999962;0.217209;,
   7.526944;33.425507;3.349072;,
   7.464339;37.204140;2.797057;,
   5.908263;34.961731;5.808269;,
   5.775606;32.514046;6.410028;,
   3.144230;34.756878;5.777189;,
   3.378997;32.383877;6.208496;,
   2.115812;31.827085;3.455858;,
   2.422881;35.393703;3.120764;,
   5.894885;37.035217;5.704252;,
   3.577858;36.640694;5.841080;,
   2.504835;0.262676;6.550510;,
   2.560903;0.257297;9.460823;,
   2.164402;2.112569;6.508204;,
   2.361117;1.871757;9.600308;,
   2.771360;4.361408;5.874029;,
   3.557586;4.967682;8.929202;,
   3.335681;5.529106;7.001890;,
   2.224268;5.488898;5.607710;,
   3.222467;7.115829;5.738249;,
   4.649981;0.249144;9.777665;,
   4.826633;1.904305;10.037946;,
   4.712524;4.684211;8.917976;,
   4.022892;8.443762;8.187594;,
   3.927861;8.507813;7.226130;,
   3.402182;8.501510;5.887943;,
   3.317391;16.338778;4.922651;,
   6.868619;0.247191;6.345094;,
   6.802781;1.877250;6.513749;,
   6.656322;3.384490;6.496852;,
   5.547191;4.556090;7.634103;,
   4.979660;8.187793;8.137188;,
   7.163109;0.250880;2.781951;,
   6.731255;2.383977;2.204720;,
   6.550151;4.621986;5.136184;,
   7.350578;4.498823;6.765277;,
   7.890092;0.253557;-1.083580;,
   7.777344;1.377366;-2.011055;,
   5.592121;3.603652;0.696563;,
   5.765660;5.650895;4.104686;,
   6.350638;5.789493;6.542810;,
   6.231455;7.779847;6.616874;,
   5.474390;7.998813;7.433390;,
   5.151621;13.859628;7.946867;,
   4.332361;5.988880;3.298648;,
   4.496656;8.436268;4.098040;,
   5.621215;8.080756;4.567210;,
   3.922135;4.573289;0.480328;,
   3.050009;2.932060;1.068323;,
   3.279303;5.326918;4.095684;,
   3.222467;7.115829;5.738249;,
   3.402182;8.501510;5.887943;,
   2.771360;4.361408;5.874029;,
   2.224268;5.488898;5.607710;,
   2.164402;2.112569;6.508204;,
   2.923544;1.180008;1.192837;,
   2.504835;0.262676;6.550510;,
   3.631188;0.123517;1.458678;,
   2.914141;0.202298;-1.924506;,
   2.560320;0.730544;-2.057427;,
   3.317391;16.338778;4.922651;,
   4.592455;15.925980;3.631368;,
   5.953762;15.516894;4.003072;,
   6.942601;14.734304;6.175159;,
   3.759907;22.384621;3.213628;,
   4.757673;22.557394;2.181575;,
   6.354234;22.866804;2.389970;,
   7.777194;24.551565;5.570268;,
   5.285612;21.291222;8.426263;,
   1.999081;21.780884;4.667045;,
   4.013180;27.775000;2.467100;,
   4.808858;26.787886;1.606803;,
   6.184338;27.204882;1.634882;,
   7.910649;29.722485;4.341540;,
   6.204926;27.306755;8.408832;,
   2.712661;28.152622;3.899240;,
   3.104983;31.544991;1.763661;,
   4.088418;30.181341;0.243947;,
   6.180201;30.253588;0.233215;,
   6.836333;31.930239;1.468827;,
   2.115812;31.827085;3.455858;,
   7.526944;33.425507;3.349072;,
   5.775606;32.514046;6.410028;,
   3.378997;32.383877;6.208496;,
   2.682065;26.057322;8.532445;,
   3.547246;20.920332;8.382058;,
   3.979235;13.906201;7.901886;,
   2.712661;28.152622;3.899240;,
   1.999081;21.780884;4.667045;,
   2.115812;31.827085;3.455858;,
   2.914141;0.202298;-1.924506;,
   7.890092;0.253557;-1.083580;,
   3.631188;0.123517;1.458678;,
   7.163109;0.250880;2.781951;,
   6.868619;0.247191;6.345094;,
   2.504835;0.262676;6.550510;,
   4.649981;0.249144;9.777665;,
   2.560903;0.257297;9.460823;,
   8.052268;0.117487;-6.184496;,
   4.641337;0.136444;-7.376572;,
   5.806902;0.128300;-7.818595;,
   4.432532;0.139912;-6.187937;,
   4.464322;0.272731;-5.481931;,
   8.438319;0.255468;-3.920876;,
   7.890092;0.253557;-1.083580;,
   2.914141;0.202298;-1.924506;,
   2.197097;0.281084;-5.307690;,
   4.432532;0.139912;-6.187937;,
   2.846975;0.174227;-7.773586;,
   4.222381;0.151874;-7.949523;,
   7.890092;0.253557;-1.083580;,
   8.438319;0.255468;-3.920876;,
   7.777344;1.377366;-2.011055;,
   8.101213;1.013126;-3.908842;,
   6.716141;1.646718;-3.578245;,
   5.592121;3.603652;0.696563;,
   5.015807;2.020758;-4.213227;,
   3.922135;4.573289;0.480328;,
   8.052268;0.117487;-6.184496;,
   7.586876;0.894081;-6.098117;,
   7.137646;1.793720;-5.169677;,
   5.468523;1.827881;-5.746948;,
   4.406218;1.479998;-4.949509;,
   3.790511;2.111454;-4.063263;,
   5.806902;0.128300;-7.818595;,
   5.681592;0.989735;-7.352699;,
   4.501413;1.002717;-5.703828;,
   3.627481;2.142211;-5.501681;,
   2.582001;1.399557;-5.053949;,
   2.853207;1.443114;-3.051320;,
   3.050009;2.932060;1.068323;,
   4.644752;0.998756;-7.123319;,
   4.432532;0.139912;-6.187937;,
   4.108458;1.017879;-7.730606;,
   3.005631;1.043521;-7.598703;,
   4.641337;0.136444;-7.376572;,
   4.222381;0.151874;-7.949523;,
   2.846975;0.174227;-7.773586;,
   2.197097;0.281084;-5.307690;,
   2.560320;0.730544;-2.057427;,
   2.914141;0.202298;-1.924506;,
   -2.712647;28.152624;3.899240;,
   -2.115797;31.827085;3.455858;,
   -3.378982;32.383877;6.208496;,
   -3.144215;34.756878;5.777188;,
   -5.775590;32.514046;6.410028;,
   -5.908247;34.961731;5.808268;,
   -7.526928;33.425510;3.349072;,
   -7.910633;29.722485;4.341539;,
   -2.422865;35.393703;3.120764;,
   -3.577842;36.640694;5.841081;,
   -5.894868;37.035217;5.704253;,
   -7.464322;37.204140;2.797057;,
   -6.358901;34.999966;0.217209;,
   -6.836318;31.930239;1.468828;,
   -6.184322;27.204882;1.634883;,
   -6.180185;30.253588;0.233215;,
   -6.107918;33.023346;-0.039772;,
   -4.149451;32.827919;0.006697;,
   -4.088403;30.181341;0.243947;,
   -4.938570;34.409172;-0.243461;,
   -3.931820;35.432446;-1.755741;,
   -2.115496;37.566738;0.251256;,
   -3.187464;34.480820;1.690961;,
   -3.104968;31.544991;1.763661;,
   -2.115797;31.827085;3.455858;,
   -2.712647;28.152624;3.899240;,
   -2.422865;35.393703;3.120764;,
   -2.504821;0.262676;6.550510;,
   -2.164387;2.112569;6.508204;,
   -2.560889;0.257297;9.460823;,
   -2.361102;1.871757;9.600308;,
   -4.649965;0.249144;9.777665;,
   -4.826618;1.904305;10.037946;,
   -6.868604;0.247191;6.345094;,
   -6.802764;1.877250;6.513749;,
   -7.163093;0.250880;2.781953;,
   -2.771345;4.361408;5.874029;,
   -3.557570;4.967682;8.929202;,
   -4.712509;4.684211;8.917976;,
   -5.547174;4.556090;7.634103;,
   -6.656307;3.384490;6.496852;,
   -6.731239;2.383977;2.204722;,
   -7.890077;0.253557;-1.083578;,
   -3.335666;5.529106;7.001890;,
   -4.022877;8.443762;8.187594;,
   -4.979644;8.187793;8.137189;,
   -2.224254;5.488898;5.607710;,
   -3.222452;7.115829;5.738249;,
   -3.927846;8.507813;7.226130;,
   -3.979220;13.906201;7.901887;,
   -5.151606;13.859632;7.946869;,
   -5.474374;7.998813;7.433390;,
   -3.402167;8.501510;5.887942;,
   -3.317375;16.338778;4.922651;,
   -3.547230;20.920332;8.382058;,
   -5.285596;21.291225;8.426266;,
   -6.942585;14.734304;6.175159;,
   -6.231438;7.779847;6.616873;,
   -1.999066;21.780890;4.667046;,
   -2.682050;26.057323;8.532446;,
   -6.204910;27.306755;8.408832;,
   -7.777181;24.551563;5.570269;,
   -5.953746;15.516894;4.003073;,
   -5.621199;8.080756;4.567210;,
   -5.765645;5.650895;4.104687;,
   -6.350621;5.789493;6.542809;,
   -6.354218;22.866804;2.389970;,
   -4.592440;15.925980;3.631368;,
   -4.496640;8.436268;4.098040;,
   -4.757658;22.557392;2.181575;,
   -3.759892;22.384621;3.213628;,
   -3.317375;16.338778;4.922651;,
   -3.402167;8.501510;5.887942;,
   -4.332345;5.988876;3.298648;,
   -1.999066;21.780890;4.667046;,
   -3.222452;7.115829;5.738249;,
   -3.279287;5.326918;4.095684;,
   -3.049994;2.932060;1.068325;,
   -3.922121;4.573289;0.480330;,
   -5.592107;3.603652;0.696565;,
   -2.224254;5.488898;5.607710;,
   -2.771345;4.361408;5.874029;,
   -2.164387;2.112569;6.508204;,
   -2.923529;1.180008;1.192839;,
   -2.560306;0.730548;-2.057425;,
   -2.914127;0.202298;-1.924504;,
   -3.631174;0.123517;1.458679;,
   -2.504821;0.262676;6.550510;,
   -7.777328;1.377366;-2.011053;,
   -6.550136;4.621986;5.136184;,
   -7.350562;4.498823;6.765276;,
   -2.914127;0.202298;-1.924504;,
   -3.631174;0.123517;1.458679;,
   -7.890077;0.253557;-1.083578;,
   -7.163093;0.250880;2.781953;,
   -6.868604;0.247191;6.345094;,
   -2.504821;0.262676;6.550510;,
   -4.649965;0.249144;9.777665;,
   -2.560889;0.257297;9.460823;,
   -2.712647;28.152624;3.899240;,
   -2.682050;26.057323;8.532446;,
   -1.999066;21.780890;4.667046;,
   -3.378982;32.383877;6.208496;,
   -6.204910;27.306755;8.408832;,
   -5.775590;32.514046;6.410028;,
   -7.910633;29.722485;4.341539;,
   -7.777181;24.551563;5.570269;,
   -6.184322;27.204882;1.634883;,
   -6.354218;22.866804;2.389970;,
   -4.757658;22.557392;2.181575;,
   -4.808843;26.787886;1.606803;,
   -3.759892;22.384621;3.213628;,
   -4.013166;27.775000;2.467100;,
   -1.999066;21.780890;4.667046;,
   -2.712647;28.152624;3.899240;,
   -3.104968;31.544991;1.763661;,
   -6.180185;30.253588;0.233215;,
   -4.088403;30.181341;0.243947;,
   -0.473964;13.866946;4.234626;,
   -1.999074;21.780884;4.667046;,
   -1.735982;14.609133;9.782832;,
   -1.847358;20.260338;10.579355;,
   -6.993589;19.237186;9.807596;,
   -7.825503;16.066526;10.266232;,
   -8.856642;12.590178;6.519890;,
   -8.703891;18.804504;6.045080;,
   -8.525706;14.794720;0.510702;,
   -2.682058;26.057323;8.532447;,
   -6.204920;27.306755;8.408833;,
   -2.682058;26.057323;8.532447;,
   -7.777188;24.551563;5.570268;,
   -8.471082;18.758282;1.263708;,
   -4.654449;16.814442;1.283684;,
   -4.845267;20.124077;1.937149;,
   -1.254515;12.945495;3.054163;,
   -3.759901;22.384621;3.213627;,
   -0.473964;13.866946;4.234626;,
   -6.354227;22.866804;2.389970;,
   -4.757667;22.557394;2.181575;,
   -1.999074;21.780884;4.667046;,
   -4.641322;0.136444;-7.376570;,
   -8.052254;0.117487;-6.184494;,
   -5.806889;0.128300;-7.818593;,
   -4.432517;0.139912;-6.187935;,
   -4.464307;0.272731;-5.481929;,
   -8.438305;0.255468;-3.920874;,
   -7.890077;0.253557;-1.083578;,
   -2.914127;0.202298;-1.924504;,
   -2.197083;0.281084;-5.307687;,
   -4.432517;0.139912;-6.187935;,
   -2.846960;0.174227;-7.773584;,
   -4.222365;0.151874;-7.949520;,
   -7.890077;0.253557;-1.083578;,
   -7.777328;1.377366;-2.011053;,
   -8.438305;0.255468;-3.920874;,
   -8.101198;1.013126;-3.908840;,
   -8.052254;0.117487;-6.184494;,
   -7.586861;0.894081;-6.098116;,
   -5.806889;0.128300;-7.818593;,
   -6.716126;1.646718;-3.578244;,
   -7.137631;1.793720;-5.169675;,
   -5.681578;0.989735;-7.352699;,
   -4.644738;0.998756;-7.123318;,
   -4.641322;0.136444;-7.376570;,
   -4.432517;0.139912;-6.187935;,
   -5.592107;3.603652;0.696565;,
   -5.015793;2.020758;-4.213224;,
   -5.468509;1.827881;-5.746946;,
   -4.501398;1.002717;-5.703827;,
   -4.108443;1.017879;-7.730603;,
   -4.222365;0.151874;-7.949520;,
   -2.846960;0.174227;-7.773584;,
   -3.922121;4.573289;0.480330;,
   -3.790497;2.111454;-4.063261;,
   -4.406203;1.479998;-4.949507;,
   -3.627466;2.142211;-5.501680;,
   -3.005616;1.043521;-7.598701;,
   -2.581986;1.399557;-5.053946;,
   -2.197083;0.281084;-5.307687;,
   -2.853192;1.443114;-3.051318;,
   -3.049994;2.932060;1.068325;,
   -2.560306;0.730548;-2.057425;,
   -2.914127;0.202298;-1.924504;,
   -1.298442;74.809860;-6.054175;,
   -0.814509;77.944771;-5.969245;,
   -0.589456;76.109833;-6.077352;,
   -1.944802;72.868004;4.071119;,
   -3.766912;71.094521;3.099292;,
   -0.202593;73.561882;-0.068964;,
   -1.758421;75.408577;1.262267;,
   -1.799497;75.039558;5.124614;,
   -3.308289;76.479248;5.829483;,
   -0.288924;77.760933;0.645138;,
   -2.413142;77.635109;6.309000;,
   -1.298442;74.809860;-6.054175;,
   -0.589456;76.109833;-6.077352;,
   -0.814509;77.944771;-5.969245;,
   0.904545;79.504570;0.836098;,
   -2.109026;79.026558;6.954062;,
   2.169171;80.941391;2.979026;,
   -0.840203;82.292908;7.323678;,
   0.000008;83.934891;8.089024;,
   0.000008;79.707748;-5.766371;,
   0.816753;81.687004;-4.607917;,
   2.493335;82.791504;-3.758595;,
   2.220758;84.444473;-2.750060;,
   2.015674;83.669167;2.377144;,
   0.840433;84.529526;7.648947;,
   3.785576;84.385139;3.477228;,
   1.694772;85.755089;7.852044;,
   4.906535;85.622223;4.692898;,
   3.263478;85.677505;-1.751360;,
   3.513145;86.502335;-1.252436;,
   4.226220;86.506866;-0.155063;,
   4.938594;87.442665;2.333688;,
   2.493335;82.791504;-3.758595;,
   0.000008;82.591415;-4.278816;,
   2.220758;84.444473;-2.750060;,
   1.001763;85.374474;-2.443273;,
   3.263478;85.677505;-1.751360;,
   3.513145;86.502335;-1.252436;,
   1.418594;86.352722;-2.404823;,
   1.779490;86.358315;-1.101750;,
   4.226220;86.506866;-0.155063;,
   0.000008;85.226067;-2.437502;,
   0.000008;85.750580;-1.226824;,
   1.062410;86.314774;-1.379202;,
   -3.766912;71.094521;3.099292;,
   -1.944802;72.868004;4.071119;,
   -3.840335;74.646042;5.015067;,
   -1.799497;75.039558;5.124614;,
   -3.308289;76.479248;5.829483;,
   0.000008;86.220398;8.268114;,
   -0.840203;82.292908;7.323678;,
   0.000008;83.934891;8.089024;,
   -0.840575;86.181541;7.889201;,
   0.840433;84.529526;7.648947;,
   1.694772;85.755089;7.852044;,
   0.840591;86.181541;7.889199;,
   0.000008;86.220398;8.268114;,
   0.000008;83.934891;8.089024;,
   2.493335;82.791504;-3.758595;,
   0.816753;81.687004;-4.607917;,
   0.000008;79.707748;-5.766371;,
   -1.077807;79.446922;-5.861833;,
   -0.814509;77.944771;-5.969245;,
   -2.867270;75.341728;-6.040206;,
   -5.227600;75.863960;-5.167217;,
   -5.430341;70.616676;-5.055155;,
   -7.767821;73.266876;-1.960034;,
   -1.920078;74.664803;-6.013046;,
   -4.375221;70.040779;-4.711439;,
   -5.272091;68.669800;-2.458110;,
   -6.797415;69.067726;-2.296892;,
   -6.850698;69.407295;0.554910;,
   -8.106628;73.736229;0.861278;,
   -2.048423;72.023018;-5.654018;,
   -7.730080;73.515144;2.721172;,
   -5.625182;68.894058;0.455093;,
   -3.065175;67.154427;2.672950;,
   -0.888913;70.602188;3.554626;,
   -1.033819;67.337669;3.449165;,
   0.000008;69.708786;3.697001;,
   0.000008;67.392586;3.383178;,
   -5.538202;67.134666;0.649710;,
   -4.871214;65.742355;-1.907880;,
   -3.376316;67.679634;-4.879023;,
   0.000008;69.708786;3.697001;,
   0.605369;70.867783;1.248728;,
   -0.888913;70.602188;3.554626;,
   0.905773;70.222717;3.542368;,
   0.000008;67.392586;3.383178;,
   1.033835;67.337662;3.449165;,
   0.000008;69.708786;3.697001;,
   0.905773;70.222717;3.542368;,
   -3.766912;71.094521;3.099292;,
   -2.268023;69.972313;-0.228640;,
   -0.202593;73.561882;-0.068964;,
   -1.298442;74.809860;-6.054175;,
   -2.048423;72.023018;-5.654018;,
   -2.268023;69.972313;-0.228640;,
   -0.888913;70.602188;3.554626;,
   0.605369;70.867783;1.248728;,
   -3.766912;71.094521;3.099292;,
   0.000008;95.287537;-4.962525;,
   -0.606438;95.609352;-4.834356;,
   0.000008;96.192558;-5.750249;,
   0.000008;95.287537;-4.962525;,
   0.606454;95.609352;-4.834356;,
   0.742178;95.074478;-4.577855;,
   4.938594;87.442665;2.333688;,
   5.521039;88.878105;3.386177;,
   5.728841;89.467751;5.697279;,
   5.671637;87.143959;5.574128;,
   4.906535;85.622223;4.692898;,
   1.694772;85.755089;7.852044;,
   3.920220;86.972122;7.438162;,
   -0.984466;93.649879;-4.384248;,
   0.000008;94.460419;-4.689868;,
   -0.672276;94.379074;-4.180399;,
   0.000008;93.691719;-4.979102;,
   0.984483;93.649879;-4.384249;,
   0.672292;94.379082;-4.180398;,
   0.000008;96.765854;4.917116;,
   -2.027107;96.658813;4.132038;,
   0.000008;95.377945;4.784898;,
   -1.898797;94.849075;4.055667;,
   0.000008;93.990013;5.049431;,
   -1.770486;93.335457;4.376051;,
   0.000008;91.916885;6.196311;,
   -2.724832;96.412651;2.643462;,
   -2.762649;94.294518;2.653545;,
   -2.791198;92.381035;2.868734;,
   -1.959661;91.545441;4.910148;,
   -0.823447;89.686333;6.800211;,
   0.000008;90.059013;7.242831;,
   -0.840575;86.181541;7.889201;,
   0.000008;86.220398;8.268114;,
   -2.896490;90.335503;3.205951;,
   -2.418993;90.669891;0.638030;,
   -1.461771;88.085098;0.185912;,
   -2.229999;88.135597;-0.185072;,
   -1.639116;90.754593;1.113284;,
   -0.974163;88.079437;-0.362836;,
   -0.966212;90.250984;-0.187231;,
   0.000008;90.080315;-0.863041;,
   0.000008;88.084724;-1.096005;,
   -2.537887;91.979942;0.870440;,
   -2.896490;90.335503;3.205951;,
   -2.791198;92.381035;2.868734;,
   -2.633343;93.828659;1.014074;,
   -2.762649;94.294518;2.653545;,
   -2.724832;96.412651;2.643462;,
   -3.165396;95.409760;1.038966;,
   -3.457817;96.014679;1.122354;,
   -3.901897;98.839294;-0.043455;,
   -3.732112;98.032921;-0.280810;,
   -4.345498;98.680077;0.051315;,
   -4.019999;98.842636;1.321298;,
   -4.829917;98.597038;0.902138;,
   -4.715833;97.698547;1.363248;,
   -3.861838;97.720612;1.702296;,
   -4.035397;96.056129;0.843529;,
   -3.457817;96.014679;1.122354;,
   -4.001115;95.400757;0.782002;,
   -3.165396;95.409760;1.038966;,
   -3.501116;95.108833;0.333507;,
   -2.633343;93.828659;1.014074;,
   -3.377603;93.777420;0.406621;,
   -3.306291;95.986359;-0.614529;,
   -3.615717;95.879723;0.233938;,
   -3.732112;98.032921;-0.280810;,
   -3.530746;97.090012;-1.241485;,
   -3.131630;95.724976;-3.047995;,
   -2.577101;95.326035;-1.992381;,
   -4.001115;95.400757;0.782002;,
   -4.035397;96.056129;0.843529;,
   -4.715833;97.698547;1.363248;,
   -4.345498;98.680077;0.051315;,
   -4.829917;98.597038;0.902138;,
   -3.861838;97.720612;1.702296;,
   -3.457817;96.014679;1.122354;,
   -2.724832;96.412651;2.643462;,
   -3.405724;98.272942;3.184703;,
   -3.231696;101.218964;3.416143;,
   -3.649315;101.250061;1.849569;,
   -4.019999;98.842636;1.321298;,
   -3.635417;100.399673;-0.607649;,
   -3.901897;98.839294;-0.043455;,
   -2.027107;96.658813;4.132038;,
   -2.154351;99.077873;5.239003;,
   -2.193492;102.230240;4.635211;,
   -2.524807;103.412834;1.325072;,
   -3.107653;101.798164;-1.082408;,
   0.000008;96.765854;4.917116;,
   0.000008;99.196503;5.995746;,
   0.000008;102.843163;5.250681;,
   0.000008;104.209435;1.443460;,
   -1.974766;102.655777;-2.631584;,
   -2.912146;100.199875;-3.009612;,
   -3.187052;99.208939;-1.818188;,
   0.000008;103.072327;-3.049091;,
   -1.855644;100.853638;-3.950268;,
   -2.925559;98.153908;-4.071546;,
   -3.310070;97.782837;-3.275295;,
   -3.090594;97.027023;-3.163317;,
   0.000008;100.882385;-4.611132;,
   -1.880934;98.222099;-4.977870;,
   -2.603509;97.467041;-4.043106;,
   -0.536383;97.687134;-5.130228;,
   -1.829251;97.790512;-4.749662;,
   -1.414176;97.465355;-4.010681;,
   -2.345915;97.361877;-3.672353;,
   -2.762278;96.581482;-3.667565;,
   -1.820585;95.011688;-3.856610;,
   0.000008;97.817551;-5.228886;,
   0.000008;97.340195;-4.915286;,
   -0.717204;97.498283;-4.574151;,
   -0.372957;97.182701;-4.538497;,
   -0.638705;96.716705;-4.324507;,
   -2.005734;96.352562;-4.249667;,
   -0.606438;95.609352;-4.834356;,
   0.000008;96.192558;-5.750249;,
   -0.984466;93.649879;-4.384248;,
   -0.872783;94.320099;-4.366426;,
   0.000008;93.691719;-4.979102;,
   0.000008;94.367325;-4.851951;,
   -0.742162;95.074478;-4.577855;,
   2.724848;96.412659;2.643462;,
   2.762665;94.294525;2.653545;,
   3.165412;95.409760;1.038966;,
   2.633359;93.828659;1.014074;,
   2.791214;92.381035;2.868734;,
   2.537903;91.979935;0.870440;,
   2.896506;90.335503;3.205951;,
   2.419009;90.669891;0.638030;,
   1.639132;90.754593;1.113284;,
   1.461787;88.085098;0.185912;,
   0.974179;88.079445;-0.362836;,
   0.966228;90.250984;-0.187231;,
   3.476216;87.653358;1.523636;,
   2.230014;88.135597;-0.185072;,
   1.062410;86.314774;-1.379202;,
   5.521039;88.878105;3.386177;,
   4.938594;87.442665;2.333688;,
   4.226220;86.506866;-0.155063;,
   1.779490;86.358315;-1.101750;,
   0.000008;85.750580;-1.226824;,
   0.000008;96.765854;4.917116;,
   0.000008;95.377945;4.784898;,
   2.027123;96.658806;4.132037;,
   1.898812;94.849060;4.055667;,
   0.000008;93.990013;5.049431;,
   1.770502;93.335464;4.376051;,
   2.762665;94.294525;2.653545;,
   2.791214;92.381035;2.868734;,
   1.959677;91.545441;4.910148;,
   2.896506;90.335503;3.205951;,
   0.000008;91.916885;6.196311;,
   0.823462;89.686325;6.800207;,
   5.728841;89.467751;5.697279;,
   5.521039;88.878105;3.386177;,
   0.000008;90.059013;7.242831;,
   0.840591;86.181541;7.889199;,
   1.694772;85.755089;7.852044;,
   3.920220;86.972122;7.438162;,
   0.000008;86.220398;8.268114;,
   3.457833;96.014679;1.122354;,
   2.724848;96.412659;2.643462;,
   3.165412;95.409760;1.038966;,
   0.000008;95.287537;-4.962525;,
   0.000008;96.192558;-5.750249;,
   0.606454;95.609352;-4.834356;,
   -1.570682;93.037094;-0.272431;,
   -2.537887;91.979942;0.870440;,
   -2.633343;93.828659;1.014074;,
   -1.639116;90.754593;1.113284;,
   -0.966212;90.250984;-0.187231;,
   -0.831497;92.676064;-0.521758;,
   0.000008;92.206543;-1.086934;,
   0.000008;90.080315;-0.863041;,
   0.966228;90.250984;-0.187231;,
   0.831513;92.676064;-0.521758;,
   1.570698;93.037094;-0.272431;,
   1.639132;90.754593;1.113284;,
   2.537903;91.979935;0.870440;,
   2.633359;93.828659;1.014074;,
   -0.984466;93.649879;-4.384248;,
   -1.372157;93.632988;-3.455155;,
   -0.872783;94.320099;-4.366426;,
   -1.519405;94.085472;-3.484241;,
   -1.820585;95.011688;-3.856610;,
   -2.072299;94.455116;-2.978367;,
   -3.131630;95.724976;-3.047995;,
   -2.577101;95.326035;-1.992381;,
   -1.461664;93.386169;-3.276757;,
   -1.881088;93.519348;-2.498920;,
   -2.640935;94.514542;-1.617803;,
   -3.306291;95.986359;-0.614529;,
   -3.377603;93.777420;0.406621;,
   -1.357669;93.588638;-3.419492;,
   -0.789243;92.870499;-3.879055;,
   -0.930490;91.913071;-4.089807;,
   -1.500100;92.565361;-2.902588;,
   -1.934893;92.371834;-1.948259;,
   -2.673628;93.244576;-0.923695;,
   -2.633343;93.828659;1.014074;,
   -0.909640;93.728516;-4.179156;,
   0.000008;92.727608;-4.407858;,
   0.000008;91.972389;-4.652985;,
   0.000008;91.236717;-4.217788;,
   -0.907647;91.136269;-3.678191;,
   0.000008;93.704414;-4.672135;,
   0.909656;93.728516;-4.179157;,
   0.789259;92.870499;-3.879055;,
   0.930507;91.913078;-4.089807;,
   0.907663;91.136269;-3.678192;,
   0.000008;91.860779;-2.615935;,
   1.357685;93.588638;-3.419492;,
   1.461680;93.386169;-3.276757;,
   1.500116;92.565369;-2.902589;,
   1.934909;92.371834;-1.948259;,
   1.571444;92.620667;-1.480619;,
   0.942055;91.882690;-2.554551;,
   1.372173;93.632996;-3.455155;,
   1.519422;94.085472;-3.484241;,
   1.881104;93.519348;-2.498920;,
   2.640951;94.514542;-1.617803;,
   2.673644;93.244576;-0.923695;,
   1.570698;93.037094;-0.272431;,
   0.872800;94.320099;-4.366428;,
   1.820601;95.011688;-3.856610;,
   2.072315;94.455124;-2.978367;,
   0.984483;93.649879;-4.384249;,
   0.000008;93.691719;-4.979102;,
   0.000008;94.367325;-4.851951;,
   0.742178;95.074478;-4.577855;,
   0.000008;95.287537;-4.962525;,
   0.606454;95.609352;-4.834356;,
   0.638722;96.716705;-4.324507;,
   2.005751;96.352562;-4.249666;,
   2.762293;96.581497;-3.667566;,
   3.131646;95.724976;-3.047995;,
   2.577117;95.326035;-1.992381;,
   0.372973;97.182701;-4.538497;,
   1.414192;97.465347;-4.010681;,
   2.345931;97.361877;-3.672350;,
   3.090610;97.027031;-3.163317;,
   0.000008;97.340195;-4.915286;,
   0.717220;97.498283;-4.574152;,
   1.829268;97.790497;-4.749662;,
   2.603525;97.467041;-4.043104;,
   0.000008;96.192558;-5.750249;,
   0.831513;92.676064;-0.521758;,
   0.000008;92.206543;-1.086934;,
   -0.942039;91.882690;-2.554550;,
   -1.571428;92.620674;-1.480619;,
   -0.831497;92.676064;-0.521758;,
