xof 0303txt 0032
template VertexDuplicationIndices {
 <b8d65549-d7c9-4995-89cf-53a9a8b031e3>
 DWORD nIndices;
 DWORD nOriginalVertices;
 array DWORD indices[nIndices];
}

template EffectParamDWord {
 <e13963bc-ae51-4c5d-b00f-cfa3a9d97ce5>
 STRING ParamName;
 DWORD Value;
}

template FVFData {
 <b6e70a0e-8ef9-4e83-94ad-ecc8b0c04897>
 DWORD dwFVF;
 DWORD nDWords;
 array DWORD data[nDWords];
}

template EffectFloats {
 <f1cfe2b3-0de3-4e28-afa1-155a750a282d>
 DWORD nFloats;
 array FLOAT Floats[nFloats];
}

template EffectString {
 <d55b097e-bdb6-4c52-b03d-6051c89d0e42>
 STRING Value;
}

template EffectDWord {
 <622c0ed0-956e-4da9-908a-2af94f3ce716>
 DWORD Value;
}

template EffectInstance {
 <e331f7e4-0559-4cc2-8e99-1cec1657928f>
 STRING EffectFilename;
 [...]
}

template AnimTicksPerSecond {
 <9e415a43-7ba6-4a73-8743-b73d47e88476>
 DWORD AnimTicksPerSecond;
}

template VertexElement {
 <f752461c-1e23-48f6-b9f8-8350850f336f>
 DWORD Type;
 DWORD Method;
 DWORD Usage;
 DWORD UsageIndex;
}

template DeclData {
 <bf22e553-292c-4781-9fea-62bd554bdd93>
 DWORD nElements;
 array VertexElement Elements[nElements];
 DWORD nDWords;
 array DWORD data[nDWords];
}

template EffectParamFloats {
 <3014b9a0-62f5-478c-9b86-e4ac9f4e418b>
 STRING ParamName;
 DWORD nFloats;
 array FLOAT Floats[nFloats];
}

template EffectParamString {
 <1dbc4c88-94c1-46ee-9076-2c28818c9481>
 STRING ParamName;
 STRING Value;
}


AnimTicksPerSecond {
 4800;
}

Frame {
 

 FrameTransformMatrix {
  1.000000,0.000000,0.000000,0.000000,0.000000,1.000000,0.000000,0.000000,0.000000,0.000000,1.000000,0.000000,0.000000,0.000000,0.000000,1.000000;;
 }

 Frame Pelvis {
  

  FrameTransformMatrix {
   0.853385,-0.044353,-0.519390,0.000000,0.043885,0.998949,-0.013199,0.000000,0.519430,-0.011529,0.854435,0.000000,-5.112912,59.357327,-2.125896,1.000000;;
  }

  Frame Spine1 {
   

   FrameTransformMatrix {
    0.996296,-0.028949,0.080975,0.000000,0.017911,0.990839,0.133856,0.000000,-0.084108,-0.131910,0.987687,0.000000,-0.000001,3.624572,-0.120189,1.000000;;
   }

   Frame Spine2 {
    

    FrameTransformMatrix {
     0.991207,0.026656,-0.129611,0.000000,-0.028244,0.999547,-0.010432,0.000000,0.129274,0.014001,0.991510,0.000000,0.000000,5.599434,0.398626,1.000000;;
    }

    Frame Spine3 {
     

     FrameTransformMatrix {
      0.993725,0.103974,-0.041234,0.000000,-0.110763,0.966052,-0.233398,0.000000,0.015567,0.236501,0.971507,0.000000,0.000000,8.533854,0.574501,1.000000;;
     }

     Frame Neck {
      

      FrameTransformMatrix {
       0.992702,-0.047518,0.110834,0.000000,0.023179,0.977141,0.211324,0.000000,-0.118342,-0.207213,0.971113,0.000000,0.000000,11.029625,3.029078,1.000000;;
      }

      Frame Head {
       

       FrameTransformMatrix {
        0.897902,-0.162642,0.409047,0.000000,0.136971,0.986339,0.091514,0.000000,-0.418343,-0.026143,0.907914,0.000000,0.000000,7.919188,-0.903699,1.000000;;
       }

       Frame Jaw {
        

        FrameTransformMatrix {
         1.000000,0.000000,-0.000000,0.000000,-0.000000,0.999296,-0.037526,0.000000,0.000000,0.037526,0.999296,0.000000,0.000001,-0.409561,-2.892365,1.000000;;
        }
       }
      }
     }

     Frame left_collar {
      

      FrameTransformMatrix {
       0.988647,-0.023059,0.148475,0.000000,0.020506,0.999615,0.018700,0.000000,-0.148849,-0.015443,0.988740,0.000000,0.974767,4.581506,0.953461,1.000000;;
      }

      Frame left_shoulder {
       

       FrameTransformMatrix {
        0.299742,-0.953639,-0.026976,0.000000,0.942507,0.291626,0.163204,0.000000,-0.147770,-0.074344,0.986224,0.000000,8.835287,2.620117,2.652935,1.000000;;
       }

       Frame left_elbow {
        

        FrameTransformMatrix {
         0.885296,0.000000,-0.465025,0.000000,0.000000,1.000000,0.000000,0.000000,0.465026,0.000000,0.885298,0.000000,16.343967,0.000003,0.000002,1.000000;;
        }

        Frame left_wrist {
         

         FrameTransformMatrix {
          0.992485,0.109087,0.055405,0.000000,-0.086447,0.945678,-0.313403,0.000000,-0.086584,0.306258,0.948003,0.000000,14.300661,-0.000004,0.000000,1.000000;;
         }

         Frame left_index1 {
          

          FrameTransformMatrix {
           -0.132434,-0.067038,-0.988920,0.000000,0.857752,-0.507733,-0.080450,0.000000,-0.496714,-0.858903,0.124744,0.000000,5.860806,-1.339882,-2.195806,1.000000;;
          }

          Frame left_index2 {
           

           FrameTransformMatrix {
            0.998835,0.025071,-0.041354,0.000000,0.010984,0.715164,0.698869,0.000000,0.047096,-0.698503,0.714050,0.000000,0.000001,2.774588,-0.000002,1.000000;;
           }
          }
         }

         Frame left_middle1 {
          

          FrameTransformMatrix {
           -0.066318,0.108102,-0.991922,0.000000,0.664658,-0.736668,-0.124722,0.000000,-0.744200,-0.667561,-0.022996,0.000000,6.246930,-1.295527,-0.736415,1.000000;;
          }

          Frame left_middle2 {
           

           FrameTransformMatrix {
            0.999450,0.003599,0.033128,0.000000,-0.027107,0.666035,0.745429,0.000000,-0.019381,-0.745908,0.665758,0.000000,-0.000001,2.966033,0.000002,1.000000;;
           }
          }
         }

         Frame left_thumb1 {
          

          FrameTransformMatrix {
           0.982027,0.141742,0.124608,0.000000,-0.102013,0.954156,-0.281397,0.000000,-0.158781,0.263628,0.951467,0.000000,1.593220,-1.354239,-1.700000,1.000000;;
          }

          Frame left_thumb2 {
           

           FrameTransformMatrix {
            -0.755798,-0.573909,-0.315271,0.000000,0.608103,-0.436611,-0.663009,0.000000,0.242856,-0.692820,0.678987,0.000000,0.723206,-0.845558,-1.410179,1.000000;;
           }
          }
         }

         Frame left_weapon {
          

          FrameTransformMatrix {
           0.999998,0.000000,0.000000,0.000000,0.000000,1.000002,0.000000,0.000000,0.000000,0.000000,1.000001,0.000000,5.270001,-3.501053,-0.764782,1.000000;;
          }
         }
        }

        Frame left_shield {
         

         FrameTransformMatrix {
          0.846373,-0.116789,-0.519624,0.000000,0.122366,0.992203,-0.023693,0.000000,0.518340,-0.043531,0.854066,0.000000,10.147209,3.317856,0.000005,1.000000;;
         }
        }
       }
      }

      Frame left_shoulderPad {
       

       FrameTransformMatrix {
        1.000000,0.000000,0.000000,0.000000,0.000000,1.000000,0.000000,0.000000,0.000000,0.000000,1.000001,0.000000,12.631742,5.006310,2.156820,1.000000;;
       }
      }
     }

     Frame right_collar {
      

      FrameTransformMatrix {
       0.992672,-0.116168,-0.033270,0.000000,-0.115405,-0.993028,0.024005,0.000000,-0.035827,-0.019990,-0.999159,0.000000,-0.974769,4.581560,0.953463,1.000000;;
      }

      Frame right_shoulder {
       

       FrameTransformMatrix {
        0.425409,-0.904765,-0.020611,0.000000,0.783441,0.379574,-0.492081,0.000000,0.453042,0.193189,0.870306,0.000000,-8.835282,-2.620046,-2.652931,1.000000;;
       }

       Frame right_elbow {
        

        FrameTransformMatrix {
         0.845066,0.000000,-0.534660,0.000000,0.000000,1.000001,0.000000,0.000000,0.534661,0.000000,0.845068,0.000000,-16.343922,0.000000,-0.000003,1.000000;;
        }

        Frame right_wrist {
         

         FrameTransformMatrix {
          0.988570,0.125804,0.083048,0.000000,-0.141226,0.965593,0.218381,0.000000,-0.052718,-0.227613,0.972325,0.000000,-14.300739,0.000000,0.000001,1.000000;;
         }

         Frame right_index1 {
          

          FrameTransformMatrix {
           -0.347303,-0.028914,-0.937297,0.000000,0.840913,-0.451982,-0.297646,0.000000,-0.415036,-0.891562,0.181289,0.000000,-5.860748,1.339765,2.195807,1.000000;;
          }

          Frame right_index2 {
           

           FrameTransformMatrix {
            0.998805,0.025078,-0.041350,0.000000,0.001512,0.838444,0.545006,0.000000,0.048338,-0.544433,0.837428,0.000000,-0.000006,-2.774621,-0.000146,1.000000;;
           }
          }
         }

         Frame right_middle1 {
          

          FrameTransformMatrix {
           -0.066337,0.108108,-0.991913,0.000000,0.865278,-0.488831,-0.111145,0.000000,-0.496896,-0.865657,-0.061116,0.000000,-6.246818,1.295570,0.736409,1.000000;;
          }

          Frame right_middle2 {
           

           FrameTransformMatrix {
            0.999421,0.003592,0.033143,0.000000,-0.022286,0.811378,0.584102,0.000000,-0.024794,-0.584526,0.811021,0.000000,0.000010,-2.966172,0.000067,1.000000;;
           }
          }
         }

         Frame right_thumb1 {
          

          FrameTransformMatrix {
           0.986242,0.027747,0.162903,0.000000,-0.029153,0.999563,0.006243,0.000000,-0.162659,-0.010907,0.986624,0.000000,-1.593239,1.354218,1.700002,1.000000;;
          }

          Frame right_thumb2 {
           

           FrameTransformMatrix {
            -0.786747,-0.593288,-0.170211,0.000000,0.548065,-0.544644,-0.634847,0.000000,0.283950,-0.592765,0.753675,0.000000,-0.723183,0.845574,1.410175,1.000000;;
           }
          }
         }

         Frame right_weapon {
          

          FrameTransformMatrix {
           0.864264,-0.249138,0.436989,0.000000,0.005082,-0.864369,-0.502849,0.000000,0.503000,0.436816,-0.745779,0.000000,-3.980743,2.587367,0.561873,1.000000;;
          }
         }
        }
       }
      }

      Frame right_shoulderPad {
       

       FrameTransformMatrix {
        0.999999,0.000000,-0.000000,0.000000,-0.000000,-1.000000,0.000000,0.000000,0.000000,0.000000,-1.000001,0.000000,-12.631738,-5.006323,-2.156816,1.000000;;
       }
      }
     }

     Frame Quiver {
      

      FrameTransformMatrix {
       1.000000,0.000000,0.000000,0.000000,0.000000,1.000000,0.000000,0.000000,0.000000,0.000000,1.000000,0.000000,0.000000,7.589218,12.266342,1.000000;;
      }
     }
    }
   }
  }

  Frame left_thigh {
   

   FrameTransformMatrix {
    0.802214,0.310009,0.510243,0.000000,0.341795,-0.939186,0.033246,0.000000,0.489520,0.147728,-0.859387,0.000000,4.575232,-3.738956,0.000000,1.000000;;
   }

   Frame left_knee {
    

    FrameTransformMatrix {
     1.000000,0.000000,-0.000000,0.000000,-0.000000,0.998630,-0.052346,0.000000,0.000000,0.052346,0.998629,0.000000,-0.000001,24.329205,0.000001,1.000000;;
    }

    Frame left_ankle {
     

     FrameTransformMatrix {
      0.961378,0.260886,-0.087697,0.000000,0.268199,-0.959555,0.085585,0.000000,-0.061822,-0.105800,-0.992464,0.000000,-0.000002,27.933462,-0.000000,1.000000;;
     }

     Frame left_ball {
      

      FrameTransformMatrix {
       1.000000,0.000000,0.000000,0.000000,0.000000,1.000000,0.000000,0.000000,0.000000,0.000000,1.000000,0.000000,0.000001,-5.100000,-7.969482,1.000000;;
      }
     }
    }
   }
  }

  Frame right_thigh {
   

   FrameTransformMatrix {
    0.868904,-0.163265,-0.467280,0.000000,-0.115506,-0.984852,0.129320,0.000000,-0.481316,-0.058393,-0.874599,0.000000,-4.575226,-3.738911,0.000000,1.000000;;
   }

   Frame right_knee {
    

    FrameTransformMatrix {
     1.000000,0.000000,-0.000000,0.000000,-0.000000,0.976279,-0.216518,0.000000,0.000000,0.216518,0.976279,0.000000,-0.000001,24.329231,0.000000,1.000000;;
    }

    Frame right_ankle {
     

     FrameTransformMatrix {
      0.974359,-0.216485,0.061296,0.000000,-0.196315,-0.951100,-0.238473,0.000000,0.109925,0.220325,-0.969214,0.000000,0.000000,27.933481,0.000000,1.000000;;
     }

     Frame right_ball {
      

      FrameTransformMatrix {
       0.999999,0.000000,0.000000,0.000000,0.000000,1.000000,0.000000,0.000000,0.000000,0.000000,1.000002,0.000000,-0.000001,-5.100006,-7.969482,1.000000;;
      }
     }
    }
   }
  }

  Frame backSkirt {
   

   FrameTransformMatrix {
    1.000000,0.000000,0.000000,0.000000,0.000000,1.000000,0.000000,0.000000,0.000000,0.000000,1.000000,0.000000,0.000000,-2.473769,9.336001,1.000000;;
   }
  }

  Frame left_hipDangle {
   

   FrameTransformMatrix {
    -0.016051,-0.021577,-0.999638,0.000000,0.613254,-0.789852,0.007202,0.000000,-0.789722,-0.612917,0.025910,0.000000,13.521686,-4.596413,-1.206646,1.000000;;
   }
  }

  Frame right_hipDangle {
   

   FrameTransformMatrix {
    0.361197,-0.150411,0.920279,0.000000,0.215929,0.973572,0.074372,0.000000,-0.907145,0.171852,0.384129,0.000000,-12.371869,-4.404888,0.003471,1.000000;;
   }
  }
 }

 Frame A_normal_cloth {
  

  FrameTransformMatrix {
   1.000000,0.000000,0.000000,0.000000,0.000000,1.000000,0.000000,0.000000,0.000000,0.000000,1.000000,0.000000,0.000000,0.000000,0.000000,1.000000;;
  }

  Mesh A_normal_cloth {
   88;
   -2.161854;45.649700;-8.513540;,
   -0.051033;46.054321;-8.823732;,
   -1.722559;39.450409;-8.561501;,
   -0.045607;39.875061;-8.841580;,
   1.637939;39.419434;-8.421298;,
   2.066625;45.619617;-8.399570;,
   7.405823;39.255623;-6.037938;,
   7.555470;45.474735;-5.992044;,
   10.761358;39.662010;-0.964007;,
   10.945020;45.791973;-0.745912;,
   8.849895;40.442459;4.021570;,
   8.953022;46.736282;4.187770;,
   3.832147;41.234856;7.510987;,
   4.238644;47.435555;7.646262;,
   0.095823;41.871685;8.457561;,
   0.091317;48.048729;8.586332;,
   -4.071069;47.412605;7.571581;,
   -3.655840;41.213100;7.410454;,
   -8.840823;46.715282;4.189469;,
   -8.729270;40.422199;4.002156;,
   -10.912572;45.782417;-0.713450;,
   -10.721645;39.653492;-0.953479;,
   -0.055800;53.324173;-8.607362;,
   2.582093;52.918961;-8.178178;,
   -2.161854;45.649700;-8.513540;,
   -2.686566;52.947380;-8.261113;,
   -7.609810;45.487423;-6.015933;,
   -8.113777;52.791618;-5.761871;,
   -11.340475;53.036961;-0.625266;,
   -9.329951;53.971870;4.791778;,
   -5.184270;54.834003;8.643406;,
   0.000000;55.086655;9.154794;,
   5.184270;54.834003;8.643406;,
   9.414339;53.989998;4.769118;,
   11.361050;53.047504;-0.687004;,
   8.050212;52.780567;-5.768695;,
   -7.449882;39.268761;-6.083496;,
   8.050212;52.780567;-5.768695;,
   2.066625;45.619617;-8.399570;,
   3.223230;34.094719;7.460427;,
   8.592729;33.270962;4.023128;,
   8.849895;40.442459;4.021570;,
   2.919161;28.227039;8.285953;,
   8.275205;27.217587;4.882996;,
   10.327439;32.398945;-1.011797;,
   10.761358;39.662010;-0.964007;,
   8.849895;40.442459;4.021570;,
   0.108110;29.330275;9.368019;,
   0.114320;23.392504;10.294817;,
   2.635315;22.232037;8.978978;,
   7.978698;21.222349;5.568852;,
   10.141295;26.454882;-0.126503;,
   7.109376;32.013741;-5.842880;,
   7.405823;39.255623;-6.037938;,
   0.101455;34.931885;8.336363;,
   -3.035731;34.102402;7.330806;,
   -2.722426;28.255501;8.175822;,
   -2.429958;22.262632;8.883570;,
   -8.134866;27.237846;4.865812;,
   -7.829860;21.244715;5.566184;,
   -10.084469;26.459846;-0.109413;,
   -9.891964;20.460505;0.575695;,
   -6.854554;25.511911;-5.088568;,
   -6.579639;19.501207;-4.544340;,
   -0.618649;25.336348;-7.534912;,
   -0.100562;19.342659;-6.976936;,
   -0.036156;25.776674;-7.853484;,
   -0.033000;19.796265;-7.292190;,
   0.040644;19.364920;-6.849962;,
   0.552571;25.360146;-7.396990;,
   6.559404;19.512426;-4.525073;,
   3.832147;41.234856;7.510987;,
   0.095823;41.871685;8.457561;,
   -3.655840;41.213100;7.410454;,
   -8.729270;40.422199;4.002156;,
   -8.461493;33.274097;3.984498;,
   -10.278925;32.396923;-1.021241;,
   -7.141647;32.013412;-5.903982;,
   -1.164944;32.056229;-8.367294;,
   -0.039483;32.644028;-8.733998;,
   1.092372;32.052898;-8.207145;,
   6.828430;25.524738;-5.054250;,
   9.957017;20.453434;0.542198;,
   1.637939;39.419434;-8.421298;,
   -0.045607;39.875061;-8.841580;,
   -1.722559;39.450409;-8.561501;,
   -7.449882;39.268761;-6.083496;,
   -10.721645;39.653492;-0.953479;;
   120;
   3;0,1,2;,
   3;1,3,2;,
   3;4,3,1;,
   3;5,4,1;,
   3;6,4,5;,
   3;7,6,5;,
   3;8,6,7;,
   3;9,8,7;,
   3;8,9,10;,
   3;9,11,10;,
   3;12,10,11;,
   3;13,12,11;,
   3;14,12,13;,
   3;15,14,13;,
   3;15,16,14;,
   3;16,17,14;,
   3;16,18,17;,
   3;18,19,17;,
   3;18,20,19;,
   3;20,21,19;,
   3;5,1,22;,
   3;23,5,22;,
   3;1,24,22;,
   3;24,25,22;,
   3;24,26,25;,
   3;26,27,25;,
   3;26,20,27;,
   3;20,28,27;,
   3;20,18,28;,
   3;18,29,28;,
   3;18,16,29;,
   3;16,30,29;,
   3;16,15,30;,
   3;15,31,30;,
   3;31,15,32;,
   3;15,13,32;,
   3;32,13,33;,
   3;13,11,33;,
   3;33,11,34;,
   3;11,9,34;,
   3;34,9,35;,
   3;26,24,36;,
   3;26,36,21;,
   3;20,26,21;,
   3;24,2,36;,
   3;9,7,37;,
   3;37,7,23;,
   3;7,38,23;,
   3;39,40,41;,
   3;39,42,40;,
   3;42,43,40;,
   3;44,40,43;,
   3;40,44,45;,
   3;46,40,45;,
   3;47,42,39;,
   3;47,48,42;,
   3;48,49,42;,
   3;42,49,43;,
   3;49,50,43;,
   3;43,50,51;,
   3;51,44,43;,
   3;44,51,52;,
   3;44,52,53;,
   3;45,44,53;,
   3;54,47,39;,
   3;54,55,47;,
   3;55,56,47;,
   3;47,56,48;,
   3;56,57,48;,
   3;56,58,57;,
   3;58,59,57;,
   3;58,60,59;,
   3;60,61,59;,
   3;60,62,61;,
   3;62,63,61;,
   3;62,64,63;,
   3;64,65,63;,
   3;64,66,65;,
   3;66,67,65;,
   3;68,67,66;,
   3;69,68,66;,
   3;70,68,69;,
   3;54,39,71;,
   3;72,54,71;,
   3;72,73,54;,
   3;73,55,54;,
   3;73,74,55;,
   3;74,75,55;,
   3;55,75,56;,
   3;75,58,56;,
   3;75,76,58;,
   3;76,60,58;,
   3;76,77,60;,
   3;77,62,60;,
   3;77,78,62;,
   3;78,64,62;,
   3;78,79,64;,
   3;79,66,64;,
   3;69,66,79;,
   3;80,69,79;,
   3;81,69,80;,
   3;81,70,69;,
   3;82,70,81;,
   3;51,82,81;,
   3;50,82,51;,
   3;71,39,46;,
   3;51,81,52;,
   3;52,81,80;,
   3;52,80,83;,
   3;53,52,83;,
   3;83,80,84;,
   3;80,79,84;,
   3;84,79,78;,
   3;85,84,78;,
   3;85,78,77;,
   3;86,85,77;,
   3;86,77,76;,
   3;87,86,76;,
   3;87,76,75;,
   3;74,87,75;;

   MeshNormals {
    88;
    -0.144901;-0.002613;-0.989443;,
    0.026796;0.014631;-0.999534;,
    -0.276995;-0.027133;-0.960488;,
    0.040341;-0.014736;-0.999077;,
    0.304900;-0.030397;-0.951899;,
    0.261956;0.000128;-0.965080;,
    0.637238;-0.031010;-0.770043;,
    0.644336;-0.013517;-0.764623;,
    0.993068;-0.039048;-0.110868;,
    0.995239;-0.038201;-0.089669;,
    0.810026;-0.037804;0.585174;,
    0.784438;-0.062798;0.617020;,
    0.415346;-0.038852;0.908833;,
    0.413777;-0.095534;0.905352;,
    -0.010953;-0.026311;0.999594;,
    -0.005179;-0.083452;0.996498;,
    -0.414113;-0.103310;0.904344;,
    -0.419099;-0.042447;0.906948;,
    -0.773996;-0.066642;0.629674;,
    -0.770809;-0.038735;0.635887;,
    -0.996518;-0.039747;-0.073298;,
    -0.994686;-0.040428;-0.094689;,
    0.016501;0.023288;-0.999593;,
    0.284347;0.009390;-0.958675;,
    -0.330147;0.005669;-0.943912;,
    -0.278346;0.013602;-0.960385;,
    -0.656886;-0.012358;-0.753889;,
    -0.672021;-0.021679;-0.740214;,
    -0.996303;-0.070142;-0.049609;,
    -0.778055;-0.136789;0.613123;,
    -0.401365;-0.164189;0.901081;,
    -0.000734;-0.080518;0.996753;,
    0.397092;-0.149529;0.905516;,
    0.784592;-0.126232;0.607027;,
    0.995579;-0.067652;-0.065156;,
    0.838109;-0.043642;-0.543755;,
    -0.649739;-0.030218;-0.759557;,
    0.569583;-0.013447;-0.821824;,
    0.401668;-0.000589;-0.915785;,
    0.432325;0.048956;0.900388;,
    0.791469;0.004110;0.611195;,
    0.536970;-0.019072;0.843386;,
    0.480739;0.099086;0.871247;,
    0.781330;0.043200;0.622621;,
    0.988371;-0.057259;-0.140868;,
    0.993068;-0.039048;-0.110868;,
    0.810026;-0.037804;0.585174;,
    -0.014659;0.144856;0.989344;,
    -0.008882;0.108435;0.994064;,
    0.520710;0.073096;0.850599;,
    0.782698;0.037087;0.621295;,
    0.993626;-0.046267;-0.102793;,
    0.625076;-0.086673;-0.775737;,
    0.637238;-0.031010;-0.770043;,
    -0.016899;0.060689;0.998014;,
    -0.440066;0.046501;0.896761;,
    -0.485710;0.099913;0.868391;,
    -0.521477;0.074362;0.850019;,
    -0.770845;0.046254;0.635341;,
    -0.772228;0.039526;0.634115;,
    -0.995251;-0.045787;-0.085904;,
    -0.993932;-0.043153;-0.101177;,
    -0.638781;-0.112545;-0.761113;,
    -0.621871;-0.103010;-0.776315;,
    -0.379516;-0.122795;-0.917000;,
    -0.540582;-0.103524;-0.834898;,
    0.089207;-0.129912;-0.987505;,
    -0.136298;-0.092644;-0.986327;,
    0.595923;-0.096674;-0.797201;,
    0.447855;-0.121446;-0.885820;,
    0.608806;-0.100777;-0.786892;,
    0.415346;-0.038852;0.908833;,
    -0.010953;-0.026311;0.999594;,
    -0.419099;-0.042447;0.906948;,
    -0.770809;-0.038735;0.635887;,
    -0.781512;0.004553;0.623874;,
    -0.990417;-0.057703;-0.125474;,
    -0.637359;-0.087874;-0.765540;,
    -0.315136;-0.095531;-0.944226;,
    0.061202;-0.060467;-0.996292;,
    0.363682;-0.095314;-0.926634;,
    0.625908;-0.110158;-0.772078;,
    0.992087;-0.043300;-0.117851;,
    0.304900;-0.030397;-0.951899;,
    0.040341;-0.014736;-0.999077;,
    -0.276995;-0.027133;-0.960488;,
    -0.649739;-0.030218;-0.759557;,
    -0.994686;-0.040428;-0.094689;;
    120;
    3;0,1,2;,
    3;1,3,2;,
    3;4,3,1;,
    3;5,4,1;,
    3;6,4,5;,
    3;7,6,5;,
    3;8,6,7;,
    3;9,8,7;,
    3;8,9,10;,
    3;9,11,10;,
    3;12,10,11;,
    3;13,12,11;,
    3;14,12,13;,
    3;15,14,13;,
    3;15,16,14;,
    3;16,17,14;,
    3;16,18,17;,
    3;18,19,17;,
    3;18,20,19;,
    3;20,21,19;,
    3;5,1,22;,
    3;23,5,22;,
    3;1,24,22;,
    3;24,25,22;,
    3;24,26,25;,
    3;26,27,25;,
    3;26,20,27;,
    3;20,28,27;,
    3;20,18,28;,
    3;18,29,28;,
    3;18,16,29;,
    3;16,30,29;,
    3;16,15,30;,
    3;15,31,30;,
    3;31,15,32;,
    3;15,13,32;,
    3;32,13,33;,
    3;13,11,33;,
    3;33,11,34;,
    3;11,9,34;,
    3;34,9,35;,
    3;26,24,36;,
    3;26,36,21;,
    3;20,26,21;,
    3;24,2,36;,
    3;9,7,37;,
    3;37,7,23;,
    3;7,38,23;,
    3;39,40,41;,
    3;39,42,40;,
    3;42,43,40;,
    3;44,40,43;,
    3;40,44,45;,
    3;46,40,45;,
    3;47,42,39;,
    3;47,48,42;,
    3;48,49,42;,
    3;42,49,43;,
    3;49,50,43;,
    3;43,50,51;,
    3;51,44,43;,
    3;44,51,52;,
    3;44,52,53;,
    3;45,44,53;,
    3;54,47,39;,
    3;54,55,47;,
    3;55,56,47;,
    3;47,56,48;,
    3;56,57,48;,
    3;56,58,57;,
    3;58,59,57;,
    3;58,60,59;,
    3;60,61,59;,
    3;60,62,61;,
    3;62,63,61;,
    3;62,64,63;,
    3;64,65,63;,
    3;64,66,65;,
    3;66,67,65;,
    3;68,67,66;,
    3;69,68,66;,
    3;70,68,69;,
    3;54,39,71;,
    3;72,54,71;,
    3;72,73,54;,
    3;73,55,54;,
    3;73,74,55;,
    3;74,75,55;,
    3;55,75,56;,
    3;75,58,56;,
    3;75,76,58;,
    3;76,60,58;,
    3;76,77,60;,
    3;77,62,60;,
    3;77,78,62;,
    3;78,64,62;,
    3;78,79,64;,
    3;79,66,64;,
    3;69,66,79;,
    3;80,69,79;,
    3;81,69,80;,
    3;81,70,69;,
    3;82,70,81;,
    3;51,82,81;,
    3;50,82,51;,
    3;71,39,46;,
    3;51,81,52;,
    3;52,81,80;,
    3;52,80,83;,
    3;53,52,83;,
    3;83,80,84;,
    3;80,79,84;,
    3;84,79,78;,
    3;85,84,78;,
    3;85,78,77;,
    3;86,85,77;,
    3;86,77,76;,
    3;87,86,76;,
    3;87,76,75;,
    3;74,87,75;;
   }

   MeshTextureCoords {
    88;
    0.369141;0.132813;,
    0.332031;0.132813;,
    0.371094;0.199219;,
    0.332031;0.199219;,
    0.371094;0.199219;,
    0.369141;0.132813;,
    0.410156;0.199219;,
    0.408203;0.132813;,
    0.443359;0.199219;,
    0.443359;0.132813;,
    0.480469;0.199219;,
    0.482422;0.132813;,
    0.517578;0.199219;,
    0.519531;0.132813;,
    0.554688;0.199219;,
    0.554688;0.132813;,
    0.519531;0.132813;,
    0.517578;0.199219;,
    0.482422;0.132813;,
    0.480469;0.199219;,
    0.443359;0.132813;,
    0.443359;0.199219;,
    0.332031;0.056641;,
    0.369141;0.056641;,
    0.369141;0.132813;,
    0.369141;0.056641;,
    0.408203;0.132813;,
    0.408203;0.056641;,
    0.445313;0.056641;,
    0.484375;0.056641;,
    0.521484;0.056641;,
    0.554688;0.056641;,
    0.521484;0.056641;,
    0.484375;0.056641;,
    0.445313;0.056641;,
    0.408203;0.056641;,
    0.410156;0.199219;,
    0.408203;0.056641;,
    0.369141;0.132813;,
    0.517578;0.275391;,
    0.478516;0.275391;,
    0.480469;0.199219;,
    0.513672;0.339844;,
    0.478516;0.339844;,
    0.443359;0.275391;,
    0.443359;0.199219;,
    0.480469;0.199219;,
    0.554688;0.339844;,
    0.554688;0.410156;,
    0.511719;0.410156;,
    0.476563;0.410156;,
    0.443359;0.339844;,
    0.410156;0.275391;,
    0.410156;0.199219;,
    0.554688;0.275391;,
    0.517578;0.275391;,
    0.513672;0.339844;,
    0.511719;0.410156;,
    0.478516;0.339844;,
    0.476563;0.410156;,
    0.443359;0.339844;,
    0.443359;0.410156;,
    0.412109;0.339844;,
    0.412109;0.410156;,
    0.373047;0.339844;,
    0.375000;0.410156;,
    0.332031;0.339844;,
    0.332031;0.410156;,
    0.375000;0.410156;,
    0.373047;0.339844;,
    0.412109;0.410156;,
    0.517578;0.199219;,
    0.554688;0.199219;,
    0.517578;0.199219;,
    0.480469;0.199219;,
    0.478516;0.275391;,
    0.443359;0.275391;,
    0.410156;0.275391;,
    0.373047;0.275391;,
    0.332031;0.275391;,
    0.373047;0.275391;,
    0.412109;0.339844;,
    0.443359;0.410156;,
    0.371094;0.199219;,
    0.332031;0.199219;,
    0.371094;0.199219;,
    0.410156;0.199219;,
    0.443359;0.199219;;
   }

   MeshMaterialList {
    1;
    120;
    0,
    0,
    0,
    0,
    0,
    0,
    0,
    0,
    0,
    0,
    0,
    0,
    0,
    0,
    0,
    0,
    0,
    0,
    0,
    0,
    0,
    0,
    0,
    0,
    0,
    0,
    0,
    0,
    0,
    0,
    0,
    0,
    0,
    0,
    0,
    0,
    0,
    0,
    0,
    0,
    0,
    0,
    0,
    0,
    0,
    0,
    0,
    0,
    0,
    0,
    0,
    0,
    0,
    0,
    0,
    0,
    0,
    0,
    0,
    0,
    0,
    0,
    0,
    0,
    0,
    0,
    0,
    0,
    0,
    0,
    0,
    0,
    0,
    0,
    0,
    0,
    0,
    0,
    0,
    0,
    0,
    0,
    0,
    0,
    0,
    0,
    0,
    0,
    0,
    0,
    0,
    0,
    0,
    0,
    0,
    0,
    0,
    0,
    0,
    0,
    0,
    0,
    0,
    0,
    0,
    0,
    0,
    0,
    0,
    0,
    0,
    0,
    0,
    0,
    0,
    0,
    0,
    0,
    0,
    0;

    Material {
     1.000000;1.000000;1.000000;1.000000;;
     10.000000;
     0.000000;0.000000;0.000000;;
     0.000000;0.000000;0.000000;;

     TextureFilename {
      "Jeweler_A_diff.dds";
     }
    }
   }

   VertexDuplicationIndices {
    88;
    72;
    0,
    1,
    2,
    3,
    4,
    5,
    6,
    7,
    8,
    9,
    10,
    11,
    12,
    13,
    14,
    15,
    16,
    17,
    18,
    19,
    20,
    21,
    22,
    23,
    0,
    25,
    26,
    27,
    28,
    29,
    30,
    31,
    32,
    33,
    34,
    35,
    36,
    35,
    5,
    39,
    40,
    10,
    42,
    43,
    44,
    8,
    10,
    47,
    48,
    49,
    50,
    51,
    52,
    6,
    54,
    55,
    56,
    57,
    58,
    59,
    60,
    61,
    62,
    63,
    64,
    65,
    66,
    67,
    68,
    69,
    70,
    12,
    14,
    17,
    19,
    75,
    76,
    77,
    78,
    79,
    80,
    81,
    82,
    4,
    3,
    2,
    36,
    21;
   }

   XSkinMeshHeader {
    3;
    4;
    5;
   }

   SkinWeights {
    "right_thigh";
    28;
    0,
    1,
    2,
    3,
    14,
    15,
    16,
    17,
    18,
    19,
    20,
    21,
    22,
    24,
    25,
    26,
    27,
    28,
    29,
    36,
    72,
    73,
    74,
    79,
    84,
    85,
    86,
    87;
    1.000000,
    0.500000,
    1.000000,
    0.500000,
    0.500000,
    0.500000,
    1.000000,
    1.000000,
    1.000000,
    1.000000,
    1.000000,
    1.000000,
    0.500000,
    1.000000,
    1.000000,
    1.000000,
    1.000000,
    1.000000,
    1.000000,
    1.000000,
    0.500000,
    1.000000,
    1.000000,
    0.233333,
    0.500000,
    1.000000,
    1.000000,
    1.000000;
    1.000000,0.000000,0.000000,0.000000,0.000000,-0.997208,0.074676,0.000000,0.000000,-0.074676,-0.997208,0.000000,5.100000,66.421242,-5.392592,1.000000;;
   }

   SkinWeights {
    "right_knee";
    21;
    47,
    48,
    54,
    55,
    56,
    57,
    58,
    59,
    60,
    61,
    62,
    63,
    64,
    65,
    66,
    67,
    75,
    76,
    77,
    78,
    79;
    0.500000,
    0.500000,
    0.500000,
    1.000000,
    1.000000,
    1.000000,
    1.000000,
    1.000000,
    1.000000,
    1.000000,
    1.000000,
    1.000000,
    1.000000,
    1.000000,
    0.500000,
    0.500000,
    1.000000,
    1.000000,
    1.000000,
    1.000000,
    0.300000;
    1.000000,0.000000,0.000000,0.000000,0.000000,-0.987571,-0.157175,0.000000,0.000000,0.157175,-0.987571,0.000000,5.100000,35.475368,2.860910,1.000000;;
   }

   SkinWeights {
    "backSkirt";
    3;
    30,
    31,
    32;
    1.000000,
    1.000000,
    1.000000;
    1.000000,0.000000,0.000000,0.000000,0.000000,1.000000,0.000000,0.000000,0.000000,0.000000,1.000000,0.000000,0.000000,-67.254189,-9.336002,1.000000;;
   }

   SkinWeights {
    "left_thigh";
    31;
    1,
    3,
    4,
    5,
    6,
    7,
    8,
    9,
    10,
    11,
    12,
    13,
    14,
    15,
    22,
    23,
    33,
    34,
    35,
    37,
    38,
    41,
    45,
    46,
    53,
    54,
    71,
    72,
    79,
    83,
    84;
    0.500000,
    0.500000,
    1.000000,
    1.000000,
    1.000000,
    1.000000,
    1.000000,
    1.000000,
    1.000000,
    1.000000,
    1.000000,
    1.000000,
    0.500000,
    0.500000,
    0.500000,
    1.000000,
    1.000000,
    1.000000,
    1.000000,
    1.000000,
    1.000000,
    1.000000,
    1.000000,
    1.000000,
    1.000000,
    0.500000,
    1.000000,
    0.500000,
    0.466667,
    1.000000,
    0.500000;
    1.000000,0.000000,0.000000,0.000000,-0.000000,-0.997208,0.074675,0.000000,0.000000,-0.074675,-0.997208,0.000000,-5.100000,66.421265,-5.392562,1.000000;;
   }

   SkinWeights {
    "left_knee";
    19;
    39,
    40,
    42,
    43,
    44,
    47,
    48,
    49,
    50,
    51,
    52,
    66,
    67,
    68,
    69,
    70,
    80,
    81,
    82;
    1.000000,
    1.000000,
    1.000000,
    1.000000,
    1.000000,
    0.500000,
    0.500000,
    1.000000,
    1.000000,
    1.000000,
    1.000000,
    0.500000,
    0.500000,
    1.000000,
    1.000000,
    1.000000,
    1.000000,
    1.000000,
    1.000000;
    1.000000,0.000000,0.000000,0.000000,0.000000,-0.987571,-0.157175,0.000000,0.000000,0.157175,-0.987571,0.000000,-5.100000,35.475296,2.860906,1.000000;;
   }
  }
 }

 Frame A_normal_mat {
  

  FrameTransformMatrix {
   1.000000,0.000000,0.000000,0.000000,0.000000,1.000000,0.000000,0.000000,0.000000,0.000000,1.000000,0.000000,0.000000,0.000000,0.000000,1.000000;;
  }

  Mesh A_normal_mat {
   1810;
   13.573014;95.860031;6.461638;,
   14.333314;97.990067;3.377618;,
   12.266802;97.583847;3.450425;,
   11.146998;96.331871;6.703670;,
   17.200058;95.264084;6.714441;,
   17.967453;97.368248;3.350563;,
   14.828128;90.845772;7.914620;,
   17.727570;88.918144;8.849161;,
   21.284529;94.188782;7.482709;,
   17.967453;97.368248;3.350563;,
   22.837271;97.045929;3.346805;,
   17.967453;97.368248;3.350563;,
   17.200058;95.264084;-0.122070;,
   14.333314;97.990067;3.377618;,
   13.573021;95.860023;0.145700;,
   12.266802;97.583847;3.450425;,
   11.140043;96.314148;0.570231;,
   14.828131;90.845772;-1.393310;,
   17.676245;88.982635;-2.622069;,
   21.284521;94.188789;-0.935824;,
   17.967453;97.368248;3.350563;,
   22.837271;97.045929;3.346805;,
   13.573014;95.860031;0.145701;,
   14.333314;97.990067;3.377618;,
   13.045357;94.340485;2.859294;,
   13.573014;95.860031;6.461638;,
   18.348726;91.597878;2.419458;,
   18.286900;91.808075;4.930371;,
   12.532530;91.822685;2.956471;,
   13.107804;91.731194;5.639898;,
   18.443691;93.972282;5.683496;,
   12.913491;94.352211;6.434110;,
   13.490611;96.509605;4.342385;,
   19.206032;96.119835;4.064332;,
   13.513402;95.671211;2.221286;,
   19.479036;95.533234;2.263112;,
   19.244354;93.225548;0.962093;,
   12.796512;93.277481;1.189711;,
   18.348726;91.597878;2.419458;,
   12.532530;91.822685;2.956471;,
   26.276550;92.315140;1.643257;,
   25.912701;93.554016;0.458011;,
   28.110559;93.722801;0.719319;,
   24.411568;95.859642;1.709605;,
   26.726326;96.462120;1.173250;,
   25.660320;97.142021;3.236999;,
   30.875946;96.649727;3.016933;,
   26.479891;95.843391;3.789749;,
   30.524086;93.698967;5.052970;,
   27.181503;93.691597;5.321615;,
   27.692476;91.557404;4.086925;,
   26.041567;91.921677;3.891620;,
   24.195259;93.901321;4.869320;,
   18.286900;91.808075;4.930371;,
   26.276550;92.315140;1.643257;,
   19.479036;95.533234;2.263112;,
   23.801550;96.165009;3.756217;,
   19.206032;96.119835;4.064332;,
   27.692476;91.557404;4.086925;,
   26.041567;91.921677;3.891620;,
   26.276550;92.315140;1.643257;,
   28.447779;91.309471;1.557210;,
   30.606485;91.132820;4.080085;,
   30.524086;93.698967;5.052970;,
   34.534203;92.181122;3.799736;,
   35.152565;93.823586;4.915350;,
   30.875946;96.649727;3.016933;,
   35.488197;96.150719;3.066608;,
   31.222397;96.013794;1.123950;,
   26.726326;96.462120;1.173250;,
   28.110559;93.722801;0.719319;,
   31.576765;93.573059;0.282542;,
   31.354538;91.511742;1.467508;,
   28.447779;91.309471;1.557210;,
   26.276550;92.315140;1.643257;,
   31.354538;91.511742;1.467508;,
   34.795979;92.259560;1.458175;,
   40.962158;92.813744;3.701448;,
   41.034264;93.677208;4.306924;,
   40.582317;95.233719;3.418200;,
   35.699978;95.834877;1.362650;,
   35.646530;93.876305;0.518785;,
   34.795979;92.259560;1.458175;,
   41.051556;92.860664;1.679047;,
   43.535351;92.482483;3.896775;,
   43.658916;93.362244;4.506918;,
   43.740692;95.150978;3.588002;,
   40.629364;95.078125;1.687350;,
   40.843861;93.669357;1.060963;,
   41.051556;92.860664;1.679047;,
   43.572750;92.050224;1.692011;,
   46.745358;91.021103;2.703330;,
   44.950706;92.526855;5.175218;,
   45.765072;94.145508;3.741112;,
   45.800282;94.307350;1.635565;,
   43.773609;95.019943;1.651702;,
   43.952297;93.372360;0.904415;,
   43.572750;92.050224;1.692011;,
   47.480721;92.729721;5.557634;,
   47.812962;93.464478;3.851630;,
   7.584572;0.884166;-8.329764;,
   7.712957;0.952269;-5.201602;,
   1.199486;0.528259;-5.440549;,
   1.375279;0.642916;-8.491696;,
   4.668976;0.681146;-11.156714;,
   2.293849;0.584931;-10.895440;,
   1.707763;2.613298;-5.985142;,
   2.286152;3.163008;-1.854690;,
   4.061604;4.300839;-3.460707;,
   1.826845;0.470428;-3.272422;,
   1.199486;0.528259;-5.440549;,
   1.375279;0.642916;-8.491696;,
   1.862348;2.346950;-8.784231;,
   2.293849;0.584931;-10.895440;,
   4.532655;2.407268;-8.794904;,
   4.668976;0.681146;-11.156714;,
   7.584572;0.884166;-8.329764;,
   7.307013;2.209585;-5.429152;,
   7.712957;0.952269;-5.201602;,
   7.065818;0.889959;-1.713152;,
   6.448733;3.073230;-1.425289;,
   4.188180;3.171299;-6.115496;,
   -11.768996;60.763954;-0.599270;,
   -9.102897;60.509781;-5.157331;,
   -12.721077;55.930260;-0.820576;,
   -9.589700;52.934166;-6.536398;,
   -4.246930;60.611633;-7.786846;,
   -3.895696;50.259754;-9.555958;,
   -11.768997;60.763954;-0.599270;,
   -11.340475;53.036961;-0.625266;,
   -9.329951;53.971870;4.791778;,
   -9.102897;60.509781;-5.157331;,
   -8.113777;52.791618;-5.761871;,
   -4.246930;60.611633;-7.786846;,
   -2.686566;52.947380;-8.261113;,
   -3.708659;34.563728;-5.684305;,
   -1.640618;34.941807;-2.146291;,
   -0.906400;31.734268;-1.538182;,
   -2.924469;36.309204;-6.521833;,
   -1.962568;46.013023;-3.292663;,
   -3.606996;45.437595;-6.697749;,
   -6.440144;37.330841;-5.747690;,
   -6.313579;45.298794;-6.111112;,
   -8.366682;45.580059;-2.403334;,
   -7.803924;36.664352;-1.987547;,
   -6.449778;36.146877;1.233473;,
   -6.192589;46.375053;2.049218;,
   -3.095252;46.603706;1.972700;,
   -3.087041;35.794998;1.542728;,
   -1.962568;46.013023;-3.292663;,
   -1.640618;34.941807;-2.146291;,
   -2.815583;33.302902;2.101070;,
   -0.906400;31.734268;-1.538182;,
   -2.992339;29.895947;2.647147;,
   -2.370146;26.713741;-0.202629;,
   -6.196295;34.610695;-5.367520;,
   -7.980234;32.337139;-1.581328;,
   -6.518171;33.393154;1.915312;,
   -6.329812;30.365488;2.680750;,
   -5.400759;19.085608;3.934852;,
   -3.022892;18.831417;3.958592;,
   -1.860825;18.134180;1.252789;,
   -3.027452;9.698978;4.057376;,
   -2.281252;9.543490;2.138331;,
   -6.443146;30.805838;-5.222805;,
   -6.390805;26.874020;-3.722162;,
   -8.484419;28.944151;-1.060278;,
   -3.498698;30.755789;-5.231462;,
   -3.832396;26.633183;-3.571906;,
   -5.708949;17.799648;-1.662017;,
   -7.401414;18.610363;1.306918;,
   -0.906400;31.734268;-1.538182;,
   -2.370146;26.713741;-0.202629;,
   -3.358565;17.781315;-1.832051;,
   -4.465517;8.944454;0.200196;,
   -5.370638;8.858866;2.339073;,
   -4.389393;9.325065;4.079097;,
   -1.860825;18.134180;1.252789;,
   -3.002610;9.291250;0.274130;,
   -2.281252;9.543490;2.138331;,
   -1.247401;0.528361;-5.508125;,
   -1.836823;0.470566;-3.329377;,
   -7.755710;0.952383;-5.155534;,
   -7.047782;0.890129;-1.678910;,
   -6.164817;0.830457;2.204803;,
   -1.717485;0.580775;2.204268;,
   -4.680029;0.732953;5.647274;,
   -2.299206;0.614148;5.587887;,
   -6.425763;3.073404;-1.401897;,
   -7.047782;0.890129;-1.678910;,
   -6.164817;0.830457;2.204803;,
   -5.552510;3.349263;2.405213;,
   -4.429055;6.097736;-0.450796;,
   -4.074523;4.300977;-3.478690;,
   -2.611976;6.129267;-0.682535;,
   -2.271311;3.163170;-1.903888;,
   -1.907208;2.675773;2.135599;,
   -1.717485;0.580775;2.204268;,
   -1.836823;0.470566;-3.329377;,
   -4.680029;0.732953;5.647274;,
   -4.654850;2.614316;5.934670;,
   -4.455336;6.273876;5.027814;,
   -5.779873;6.470532;2.435282;,
   -4.465517;8.944454;0.200196;,
   -2.284481;2.450257;5.742054;,
   -2.890237;6.176638;4.860245;,
   -4.389393;9.325065;4.079097;,
   -5.370638;8.858866;2.339073;,
   -4.465517;8.944454;0.200196;,
   -2.299206;0.614148;5.587887;,
   -1.717485;0.580775;2.204268;,
   -1.907208;2.675773;2.135599;,
   -1.463304;6.258499;2.352154;,
   -3.027452;9.698978;4.057376;,
   -2.281252;9.543490;2.138331;,
   -1.463304;6.258499;2.352154;,
   -3.002610;9.291250;0.274130;,
   -2.281252;9.543490;2.138331;,
   -1.247401;0.528361;-5.508125;,
   -7.755710;0.952383;-5.155534;,
   -7.681944;0.884220;-8.285469;,
   -1.476423;0.642966;-8.555739;,
   -4.816129;0.681137;-11.162867;,
   -2.436804;0.584928;-10.943085;,
   -2.271311;3.163170;-1.903888;,
   -1.765105;2.613393;-6.043798;,
   -4.074523;4.300977;-3.478690;,
   -1.836823;0.470566;-3.329377;,
   -1.247401;0.528361;-5.508125;,
   -1.476423;0.642966;-8.555739;,
   -1.968524;2.346994;-8.839765;,
   -4.247419;3.171394;-6.130849;,
   -7.353799;2.209696;-5.390159;,
   -6.425763;3.073404;-1.401897;,
   -7.047782;0.890129;-1.678910;,
   -7.755710;0.952383;-5.155534;,
   -7.681944;0.884220;-8.285469;,
   -4.638609;2.407312;-8.803833;,
   -4.816129;0.681137;-11.162867;,
   -2.436804;0.584928;-10.943085;,
   11.775806;60.775291;-0.691731;,
   12.732935;55.942638;-0.913996;,
   9.040879;60.502708;-5.198052;,
   9.512845;52.923347;-6.567990;,
   4.146521;60.589542;-7.755025;,
   3.774535;50.229507;-9.484648;,
   11.361050;53.047504;-0.687004;,
   11.775807;60.775291;-0.691731;,
   9.414339;53.989998;4.769118;,
   9.040879;60.502708;-5.198052;,
   8.050212;52.780567;-5.768695;,
   4.146521;60.589542;-7.755025;,
   2.582093;52.918961;-8.178178;,
   2.367543;9.535032;2.195813;,
   1.937021;18.128765;1.345340;,
   3.057632;9.288526;0.319050;,
   3.383010;17.785242;-1.765140;,
   4.518920;8.941271;0.219642;,
   5.735908;17.801893;-1.634203;,
   5.459476;8.848275;2.342864;,
   7.477998;18.602112;1.308764;,
   4.507584;9.309267;4.100490;,
   5.521623;19.069742;3.971175;,
   3.144344;18.816616;4.033674;,
   3.145670;9.683902;4.102663;,
   1.937021;18.128765;1.345340;,
   2.367543;9.535032;2.195813;,
   2.426625;26.712782;-0.090442;,
   3.832540;26.642509;-3.483842;,
   6.388221;26.882608;-3.675888;,
   8.526964;28.943041;-1.042511;,
   6.435694;30.353203;2.738475;,
   3.097874;29.885380;2.758915;,
   2.426625;26.712782;-0.090442;,
   0.945346;31.734835;-1.380305;,
   3.475608;30.763527;-5.118653;,
   6.419796;30.813475;-5.158867;,
   8.017515;32.337677;-1.539896;,
   6.614587;33.388783;1.984708;,
   2.915628;33.297535;2.231898;,
   0.945346;31.734835;-1.380305;,
   3.678869;34.562366;-5.565930;,
   6.171415;34.610931;-5.290422;,
   7.832999;36.665089;-1.938915;,
   6.533300;36.151619;1.305490;,
   3.176653;35.795795;1.671129;,
   1.670253;34.933834;-1.992379;,
   1.670253;34.933834;-1.992379;,
   2.879196;36.286682;-6.392220;,
   6.405331;37.316956;-5.679533;,
   8.371877;45.579872;-2.392775;,
   6.273075;46.383659;2.099924;,
   3.174534;46.607330;2.074177;,
