xof 0303txt 0032
template VertexDuplicationIndices {
 <b8d65549-d7c9-4995-89cf-53a9a8b031e3>
 DWORD nIndices;
 DWORD nOriginalVertices;
 array DWORD indices[nIndices];
}

template EffectParamDWord {
 <e13963bc-ae51-4c5d-b00f-cfa3a9d97ce5>
 STRING ParamName;
 DWORD Value;
}

template FVFData {
 <b6e70a0e-8ef9-4e83-94ad-ecc8b0c04897>
 DWORD dwFVF;
 DWORD nDWords;
 array DWORD data[nDWords];
}

template EffectFloats {
 <f1cfe2b3-0de3-4e28-afa1-155a750a282d>
 DWORD nFloats;
 array FLOAT Floats[nFloats];
}

template EffectString {
 <d55b097e-bdb6-4c52-b03d-6051c89d0e42>
 STRING Value;
}

template EffectDWord {
 <622c0ed0-956e-4da9-908a-2af94f3ce716>
 DWORD Value;
}

template EffectInstance {
 <e331f7e4-0559-4cc2-8e99-1cec1657928f>
 STRING EffectFilename;
 [...]
}

template AnimTicksPerSecond {
 <9e415a43-7ba6-4a73-8743-b73d47e88476>
 DWORD AnimTicksPerSecond;
}

template VertexElement {
 <f752461c-1e23-48f6-b9f8-8350850f336f>
 DWORD Type;
 DWORD Method;
 DWORD Usage;
 DWORD UsageIndex;
}

template DeclData {
 <bf22e553-292c-4781-9fea-62bd554bdd93>
 DWORD nElements;
 array VertexElement Elements[nElements];
 DWORD nDWords;
 array DWORD data[nDWords];
}

template EffectParamFloats {
 <3014b9a0-62f5-478c-9b86-e4ac9f4e418b>
 STRING ParamName;
 DWORD nFloats;
 array FLOAT Floats[nFloats];
}

template EffectParamString {
 <1dbc4c88-94c1-46ee-9076-2c28818c9481>
 STRING ParamName;
 STRING Value;
}


AnimTicksPerSecond {
 4800;
}

Frame {
 

 FrameTransformMatrix {
  1.000000,0.000000,0.000000,0.000000,0.000000,1.000000,0.000000,0.000000,0.000000,0.000000,1.000000,0.000000,0.000000,0.000000,0.000000,1.000000;;
 }

 Frame Pelvis {
  

  FrameTransformMatrix {
   0.982703,0.055175,-0.176776,0.000000,-0.040661,0.995577,0.084699,0.000000,0.180668,-0.076046,0.980600,0.000000,-17.743553,65.981308,-10.686018,1.000000;;
  }

  Frame Spine1 {
   

   FrameTransformMatrix {
    0.994913,0.096792,-0.027927,0.000000,-0.096723,0.995304,0.003846,0.000000,0.028168,-0.001125,0.999603,0.000000,0.000000,17.889618,-0.000001,1.000000;;
   }

   Frame Spine2 {
    

    FrameTransformMatrix {
     0.976952,0.071274,-0.201208,0.000000,-0.048679,0.992161,0.115097,0.000000,0.207835,-0.102649,0.972763,0.000000,0.000000,17.637558,0.000000,1.000000;;
    }

    Frame Spine3 {
     

     FrameTransformMatrix {
      0.955341,0.294483,0.024546,0.000000,-0.295457,0.953383,0.061368,0.000000,-0.005330,-0.065880,0.997813,0.000000,0.000000,17.150349,0.000003,1.000000;;
     }

     Frame Neck {
      

      FrameTransformMatrix {
       0.987625,-0.073325,0.138640,0.000000,0.080697,0.995567,-0.048319,0.000000,-0.134483,0.058909,0.989163,0.000000,0.000000,17.781668,-0.000004,1.000000;;
      }

      Frame Head {
       

       FrameTransformMatrix {
        0.995480,0.091618,-0.025033,0.000000,-0.069489,0.882258,0.465611,0.000000,0.064743,-0.461765,0.884635,0.000000,0.000000,4.266566,0.000000,1.000000;;
       }
      }
     }

     Frame right_collar {
      

      FrameTransformMatrix {
       0.904930,-0.329483,0.269338,0.000000,0.370865,0.920979,-0.119403,0.000000,-0.208714,0.207940,0.955615,0.000000,-2.685410,8.947975,-11.345223,1.000000;;
      }

      Frame right_shoulder {
       

       FrameTransformMatrix {
        0.762707,-0.645496,-0.040161,0.000000,0.637186,0.739349,0.217623,0.000000,-0.110781,-0.191572,0.975205,0.000000,-31.261719,0.000000,11.345229,1.000000;;
       }

       Frame right_elbow {
        

        FrameTransformMatrix {
         0.744010,0.000000,0.668168,0.000000,-0.000000,1.000003,0.000000,0.000000,-0.668166,-0.000000,0.744008,0.000000,-32.967968,0.000003,-0.000009,1.000000;;
        }

        Frame right_wrist {
         

         FrameTransformMatrix {
          0.960733,0.275299,0.034648,0.000000,-0.265967,0.949280,-0.167765,0.000000,-0.079076,0.151960,0.985212,0.000000,-21.527315,0.000001,0.000020,1.000000;;
         }
        }

        Frame right_ulna {
         

         FrameTransformMatrix {
          0.999999,0.000000,-0.000000,0.000000,-0.000000,0.995089,-0.099067,0.000000,0.000000,0.099065,0.995075,0.000000,-13.834886,-0.000051,0.000031,1.000000;;
         }

         Frame Spike_E {
          

          FrameTransformMatrix {
           -0.696457,0.549888,-0.461041,0.000000,0.511654,-0.069966,-0.856363,0.000000,-0.503145,-0.832288,-0.232617,0.000000,0.897545,0.237924,0.225998,1.000000;;
          }
         }
        }
       }

       Frame Spike_F {
        

        FrameTransformMatrix {
         0.876232,0.474249,-0.085466,0.000000,0.238282,-0.272249,0.932258,0.000000,0.418853,-0.837237,-0.351557,0.000000,-27.932545,-1.768180,-1.122401,1.000000;;
        }
       }

       Frame Spike_G {
        

        FrameTransformMatrix {
         -0.305026,0.112717,-0.945650,0.000000,0.877297,0.419624,-0.232962,0.000000,0.370556,-0.900670,-0.226881,0.000000,-24.959406,-0.418962,-0.642389,1.000000;;
        }
       }
      }

      Frame right_shoulderHold {
       

       FrameTransformMatrix {
        0.032260,-0.023917,0.999193,0.000000,0.645854,0.763457,-0.002578,0.000000,-0.762778,0.645415,0.040076,0.000000,-31.261719,0.000000,11.345229,1.000000;;
       }
      }

      Frame Spike_H {
       

       FrameTransformMatrix {
        0.790685,-0.124281,0.599475,0.000000,-0.386252,-0.860975,0.330956,0.000000,0.475001,-0.493230,-0.728763,0.000000,-30.960981,-0.459114,18.312956,1.000000;;
       }
      }

      Frame Spike_I {
       

       FrameTransformMatrix {
        0.910057,0.119269,0.396953,0.000000,-0.053879,-0.915539,0.398607,0.000000,0.410966,-0.384141,-0.826765,0.000000,-18.413733,-5.713890,31.858379,1.000000;;
       }
      }
     }

     Frame left_collar {
      

      FrameTransformMatrix {
       0.917270,0.244452,-0.314418,0.000000,-0.244959,0.968767,0.038556,0.000000,0.314023,0.041653,0.948501,0.000000,2.685405,8.947975,-11.345218,1.000000;;
      }

      Frame left_shoulder {
       

       FrameTransformMatrix {
        0.576865,0.726979,-0.372463,0.000000,-0.243589,0.588336,0.771056,0.000000,0.779673,-0.354067,0.516473,0.000000,31.261721,0.000005,11.345222,1.000000;;
       }

       Frame left_elbow {
        

        FrameTransformMatrix {
         0.393480,0.000000,-0.919334,0.000000,0.000000,1.000002,0.000000,0.000000,0.919331,0.000000,0.393479,0.000000,32.968056,0.000046,0.000009,1.000000;;
        }

        Frame left_wrist {
         

         FrameTransformMatrix {
          0.976336,-0.201061,-0.079633,0.000000,0.201701,0.979455,-0.000023,0.000000,0.078000,-0.016039,0.996817,0.000000,21.527252,0.000000,-0.000013,1.000000;;
         }
        }

        Frame left_ulna {
         

         FrameTransformMatrix {
          0.999999,0.000000,0.000000,0.000000,0.000000,1.000008,0.000000,0.000000,0.000000,0.000000,0.999993,0.000000,13.834814,-0.000065,0.000026,1.000000;;
         }
        }
       }
      }

      Frame left_shoulderHold {
       

       FrameTransformMatrix {
        0.578636,0.725471,-0.372655,0.000000,-0.772009,0.634558,0.036608,0.000000,0.263029,0.266509,0.927247,0.000000,31.261721,0.000005,11.345222,1.000000;;
       }
      }
     }

     Frame right_boob {
      

      FrameTransformMatrix {
       1.000000,0.000000,0.000000,0.000000,0.000000,1.000000,0.000000,0.000000,0.000000,0.000000,1.000000,0.000000,-27.058903,9.237641,-28.812767,1.000000;;
      }
     }

     Frame left_boob {
      

      FrameTransformMatrix {
       1.000000,0.000000,-0.000000,0.000000,-0.000000,-1.000000,0.000000,0.000000,0.000000,0.000000,-1.000000,0.000000,21.796038,11.165616,-31.961430,1.000000;;
      }
     }
    }

    Frame Spike_J {
     

     FrameTransformMatrix {
      0.994204,-0.026829,0.104111,0.000000,-0.056390,-0.954602,0.292496,0.000000,0.091537,-0.296672,-0.950582,0.000000,-0.211277,7.931266,28.535883,1.000000;;
     }
    }
   }

   Frame left_belly {
    

    FrameTransformMatrix {
     1.000000,0.000000,0.000000,0.000000,0.000000,1.000000,0.000000,0.000000,0.000000,0.000000,1.000000,0.000000,35.354668,19.688881,-43.288498,1.000000;;
    }
   }

   Frame right_belly {
    

    FrameTransformMatrix {
     1.000000,0.000000,-0.000000,0.000000,-0.000000,-1.000000,0.000000,0.000000,0.000000,0.000000,-1.000000,0.000000,-33.564274,8.569482,-42.121544,1.000000;;
    }

    Frame Spike_C {
     

     FrameTransformMatrix {
      -0.947980,0.000007,-0.318330,0.000000,-0.318100,-0.038040,0.947294,0.000000,-0.012103,0.999276,0.036064,0.000000,18.666876,2.455803,-1.609601,1.000000;;
     }
    }

    Frame Spike_D {
     

     FrameTransformMatrix {
      -0.780284,-0.000027,-0.625425,0.000000,-0.619945,-0.132064,0.773452,0.000000,-0.082617,0.991241,0.103031,0.000000,2.416281,0.709981,-5.124948,1.000000;;
     }
    }
   }

   Frame right_backFat {
    

    FrameTransformMatrix {
     1.000000,0.000000,0.000000,0.000000,0.000000,1.000000,0.000000,0.000000,0.000000,0.000000,1.000000,0.000000,-45.209564,-0.626894,32.249325,1.000000;;
    }
   }

   Frame left_backFat {
    

    FrameTransformMatrix {
     1.000000,0.000000,-0.000000,0.000000,-0.000000,-1.000000,0.000000,0.000000,0.000000,0.000000,-1.000000,0.000000,46.981232,2.414047,27.835274,1.000000;;
    }

    Frame Spike_K {
     

     FrameTransformMatrix {
      0.975900,0.000019,0.218220,0.000000,0.020261,0.995672,-0.090696,0.000000,-0.217277,0.092931,0.971676,0.000000,-23.924046,-2.006032,-5.737622,1.000000;;
     }
    }
   }

   Frame Spike_A {
    

    FrameTransformMatrix {
     1.000000,0.000000,0.000000,0.000000,0.000000,1.000000,0.000000,0.000000,0.000000,0.000000,1.000000,0.000000,-0.083342,-1.953313,-22.092825,1.000000;;
    }
   }

   Frame Spike_B {
    

    FrameTransformMatrix {
     -0.970070,0.000044,-0.242826,0.000000,0.031356,-0.991605,-0.125444,0.000000,-0.240793,-0.129304,0.961925,0.000000,0.869515,8.767055,-48.461521,1.000000;;
    }
   }
  }

  Frame right_thigh {
   

   FrameTransformMatrix {
    0.869315,-0.030290,-0.493329,0.000000,-0.104156,0.964480,-0.242755,0.000000,0.483159,0.262413,0.835283,0.000000,-27.140169,-1.319531,0.000000,1.000000;;
   }

   Frame right_knee {
    

    FrameTransformMatrix {
     1.000000,0.000000,0.000000,0.000000,0.000000,0.999821,0.018920,0.000000,0.000000,-0.018920,0.999821,0.000000,0.000001,-32.178398,-1.700003,1.000000;;
    }

    Frame right_ankle {
     

     FrameTransformMatrix {
      0.813980,-0.160798,0.558194,0.000000,0.521466,0.625664,-0.580188,0.000000,-0.255948,0.763341,0.593129,0.000000,0.000001,-20.675629,1.700001,1.000000;;
     }

     Frame right_ball {
      

      FrameTransformMatrix {
       0.999974,-0.003858,-0.006014,0.000000,0.006729,0.791478,0.611161,0.000000,0.002403,-0.611186,0.791483,0.000000,0.000004,-5.099998,-4.250000,1.000000;;
      }
     }
    }
   }
  }

  Frame left_thigh {
   

   FrameTransformMatrix {
    0.763439,0.636416,0.110159,0.000000,-0.202780,0.074245,0.976405,0.000000,0.613222,-0.767764,0.185734,0.000000,27.140160,-1.319528,0.000000,1.000000;;
   }

   Frame left_knee {
    

    FrameTransformMatrix {
     1.000000,0.000000,-0.000000,0.000000,-0.000000,-0.049426,-0.998778,0.000000,0.000000,0.998778,-0.049426,0.000000,-0.000004,-32.178398,-1.700006,1.000000;;
    }

    Frame left_ankle {
     

     FrameTransformMatrix {
      0.803749,-0.592839,-0.050295,0.000000,-0.558621,-0.722853,-0.406726,0.000000,0.204767,0.355002,-0.912165,0.000000,0.000003,-20.675632,1.700000,1.000000;;
     }

     Frame left_ball {
      

      FrameTransformMatrix {
       1.000000,0.000000,0.000000,0.000000,0.000000,1.000000,0.000000,0.000000,0.000000,0.000000,1.000000,0.000000,0.000000,5.099999,4.249998,1.000000;;
      }
     }
    }
   }
  }
 }

 Frame A_normal_mat {
  

  FrameTransformMatrix {
   1.000000,0.000000,0.000000,0.000000,0.000000,1.000000,0.000000,0.000000,0.000000,0.000000,1.000000,0.000000,0.000000,0.000000,0.000000,1.000000;;
  }

  Mesh A_normal_mat {
   1518;
   68.440712;104.973175;-0.567217;,
   67.647369;108.327911;9.147710;,
   64.682388;102.957047;-0.931652;,
   63.666561;108.501053;8.677370;,
   58.274258;107.312668;9.930148;,
   59.458763;101.382912;-1.330240;,
   66.172188;119.185768;12.117310;,
   62.012218;118.563126;11.377479;,
   56.810020;118.370857;12.452986;,
   56.614140;123.743004;1.398341;,
   62.008827;123.159256;1.493555;,
   62.874027;120.544678;-8.667914;,
   57.425159;120.502350;-9.385138;,
   64.016853;110.380630;-9.244966;,
   58.818111;109.478592;-10.425256;,
   64.682388;102.957047;-0.931652;,
   59.458763;101.382912;-1.330240;,
   65.802597;125.496536;1.849979;,
   65.586929;120.796021;-6.696047;,
   66.891724;110.071259;-7.178521;,
   68.440712;104.973175;-0.567217;,
   66.628517;120.716507;-4.218311;,
   67.998062;109.767464;-4.662957;,
   68.440712;104.973175;-0.567217;,
   67.998062;109.767464;-4.662957;,
   69.679482;110.205391;-6.024190;,
   68.333992;120.927094;-5.565520;,
   70.549850;120.967819;-5.109818;,
   71.863266;110.549271;-5.587180;,
   72.237480;105.811813;-0.201568;,
   66.628517;120.716507;-4.218311;,
   65.802597;125.496536;1.849979;,
   69.719444;125.418961;2.013466;,
   79.299225;125.551773;2.281651;,
   80.038254;121.711731;-4.689387;,
   81.169029;111.933212;-4.707601;,
   81.476067;107.846626;0.318364;,
   66.172188;119.185768;12.117310;,
   70.118378;119.462883;10.772654;,
   79.641533;120.232964;10.295930;,
   80.847321;110.620399;7.604604;,
   71.496529;109.095589;8.320161;,
   81.476067;107.846626;0.318364;,
   72.237480;105.811813;-0.201568;,
   68.440712;104.973175;-0.567217;,
   67.647369;108.327911;9.147710;,
   81.476067;107.846626;0.318364;,
   81.169029;111.933212;-4.707601;,
   94.818832;112.357208;2.114166;,
   94.661072;115.396957;-3.626165;,
   94.077690;119.890396;-3.344350;,
   80.038254;121.711731;-4.689387;,
   93.287743;124.169563;2.795502;,
   79.299225;125.551773;2.281651;,
   93.579323;120.145355;8.352986;,
   79.641533;120.232964;10.295930;,
   94.126465;115.930267;8.087882;,
   80.847321;110.620399;7.604604;,
   94.818832;112.357208;2.114166;,
   81.476067;107.846626;0.318364;,
   91.978462;111.763710;4.356641;,
   91.008591;114.793869;4.659529;,
   88.684715;113.784203;5.160826;,
   92.248100;115.197723;2.429810;,
   92.995644;111.339684;2.519284;,
   92.672577;111.807709;0.453624;,
   91.854813;114.847473;-0.098780;,
   89.850136;113.858032;-1.392390;,
   91.254486;110.366936;-0.256028;,
   89.122086;110.167923;-0.196274;,
   87.526276;112.848373;-0.891093;,
   86.286774;112.444519;1.338624;,
   88.667114;109.340553;1.726970;,
   88.427963;110.123955;3.706743;,
   86.680054;112.794762;3.867217;,
   90.408264;110.313316;4.502281;,
   91.959862;108.389404;2.159173;,
   96.466759;117.923683;4.760213;,
   92.065834;119.916580;4.689856;,
   91.450058;117.053902;5.634958;,
   92.686623;121.044670;1.895332;,
   97.881889;118.322960;2.601944;,
   97.193871;117.919258;0.715570;,
   92.971741;120.029083;-0.995100;,
   92.697670;117.208847;-2.194449;,
   97.887764;116.310760;-0.285314;,
   96.477814;114.127548;-0.029093;,
   92.081894;114.346161;-1.249347;,
   91.461121;113.218071;1.545177;,
   96.989922;113.413040;2.430040;,
   95.734734;114.035263;4.634009;,
   91.176010;114.233665;4.435608;,
   96.981895;116.198242;5.399642;,
   100.676537;115.923752;2.904324;,
   95.873016;121.864670;-0.031291;,
   95.263443;120.766373;1.877724;,
   96.207710;118.970345;0.883876;,
   93.265549;121.771378;1.555894;,
   94.463280;122.765533;-0.798993;,
   92.733017;122.491074;-1.363890;,
   91.435341;121.530075;0.253107;,
   90.935608;120.022079;-1.353574;,
   92.771492;121.495361;-2.911566;,
   93.097641;119.780952;-3.496980;,
   91.879883;118.226051;-2.347422;,
   93.877769;117.221054;-2.025592;,
   94.907814;119.461502;-3.399521;,
   96.237625;119.154549;-2.164382;,
   95.707977;117.462372;-0.722803;,
   96.599586;120.731689;-1.286948;,
   95.741730;122.388405;-3.523163;,
   90.589340;124.001602;5.446997;,
   89.677933;122.504906;5.245718;,
   91.238327;121.736626;5.373825;,
   88.913849;123.347183;3.923506;,
   90.304291;124.947632;4.426044;,
   90.253708;125.058250;3.010479;,
   89.268761;123.793129;2.275272;,
   90.674774;123.510780;1.282881;,
   91.582901;125.066429;2.508680;,
   92.686920;124.196457;2.301548;,
   92.235161;122.742493;1.410988;,
   92.999245;121.900223;2.733200;,
   93.270714;123.896988;3.561760;,
   93.022575;123.139801;4.738065;,
   92.644371;121.454269;4.381434;,
   91.992104;123.778198;5.479125;,
   92.714859;126.388214;4.862226;,
   87.115814;117.464256;10.592728;,
   84.824615;117.294556;8.520710;,
   85.916695;115.169846;7.782805;,
   85.362091;119.685783;8.026198;,
   88.151459;119.261169;10.579348;,
   88.931747;120.504944;9.114508;,
   87.038490;121.001572;6.718563;,
   88.965675;120.275215;5.300852;,
   90.768021;119.689163;8.600470;,
   91.408302;118.166359;7.346356;,
   90.057732;118.150513;4.562944;,
   89.520241;115.759285;5.057456;,
   91.170715;116.410110;8.423734;,
   89.592369;115.125648;8.824574;,
   87.843849;114.443497;6.365095;,
   88.554146;115.982117;10.402614;,
   90.930717;117.744537;11.573145;,
   95.766930;115.854935;5.837883;,
   96.006172;114.675247;2.090647;,
   97.147797;117.603188;1.994330;,
   94.818832;112.357208;2.114166;,
   94.126465;115.930267;8.087882;,
   95.516960;119.818115;6.176469;,
   93.579323;120.145355;8.352986;,
   93.287743;124.169563;2.795502;,
   95.501572;122.747185;2.854474;,
   95.895569;119.849960;-1.008444;,
   94.077690;119.890396;-3.344350;,
   96.060455;116.424080;-1.278357;,
   94.661072;115.396957;-3.626165;,
   96.101097;114.835762;-0.312044;,
   94.818832;112.357208;2.114166;,
   96.006172;114.675247;2.090647;,
   -58.823124;109.486877;-10.660407;,
   -59.698139;102.398376;-0.778232;,
   -64.930321;103.991562;-0.682792;,
   -64.050598;110.494621;-9.716075;,
   -57.457497;120.562546;-10.758818;,
   -62.923054;120.665688;-10.190112;,
   -62.320255;124.344254;-0.344051;,
   -56.924915;124.929398;-0.362181;,
   -62.578590;120.820900;9.967874;,
   -57.405861;120.757889;11.190772;,
   -58.804504;109.490715;9.817121;,
   -64.162712;110.524963;8.307580;,
   -64.930321;103.991562;-0.682792;,
   -59.698139;102.398376;-0.778232;,
   -68.696854;106.024666;-0.630551;,
   -66.977814;110.398018;-7.702903;,
   -65.685921;121.117058;-8.326210;,
   -66.121956;126.695755;-0.334712;,
   -66.756264;121.507019;10.530622;,
   -68.154358;110.391716;8.691361;,
   -68.696854;106.024666;-0.630551;,
   -71.980927;111.056923;7.688675;,
   -72.501823;106.886963;-0.453325;,
   -81.783401;107.840385;-0.423502;,
   -81.329262;111.480499;6.755458;,
   -70.666458;121.629387;9.063398;,
   -80.158356;123.196815;8.494972;,
   -79.592545;127.774117;-0.288060;,
   -70.041695;126.625214;-0.264444;,
   -70.688103;121.442368;-6.894938;,
   -80.168701;122.323830;-7.030537;,
   -71.988785;111.028297;-6.299212;,
   -81.333397;113.002686;-6.011148;,
   -68.148697;110.359344;-5.198519;,
   -66.791061;121.297600;-5.881534;,
   -68.461220;121.359642;-7.286772;,
   -69.794464;110.646027;-6.641166;,
   -72.501823;106.886963;-0.453325;,
   -81.783401;107.840385;-0.423502;,
   -85.750031;118.920464;-4.290452;,
   -85.979698;120.455856;-4.449703;,
   -87.761856;120.464745;-7.628292;,
   -85.059761;121.525902;-5.017272;,
   -87.383392;121.202766;-8.772813;,
   -87.884613;119.310928;-8.245074;,
   -86.658951;118.300056;-7.733149;,
   -84.635086;117.816833;-4.577546;,
   -83.208008;117.891441;-5.193331;,
   -86.038788;118.563774;-8.900663;,
   -84.733810;119.238998;-8.703786;,
   -82.288086;118.961510;-5.760885;,
   -82.517754;120.496933;-5.920132;,
   -85.537590;120.455620;-9.428414;,
   -85.836716;121.403648;-8.598907;,
   -83.632675;121.600578;-5.633049;,
   -87.683235;119.949059;-10.244304;,
   -73.879066;125.041534;4.619606;,
   -71.484543;124.779892;4.562817;,
   -72.515640;126.678055;3.455000;,
   -71.622589;125.014793;-2.340108;,
   -72.606033;126.831871;-1.065580;,
   -74.017075;125.276428;-2.283325;,
   -81.783401;107.840385;-0.423502;,
   -92.218369;112.140594;0.652288;,
   -91.838173;115.143349;-6.837960;,
   -81.333397;113.002686;-6.011148;,
   -91.122086;120.737984;-7.063045;,
   -80.168701;122.323830;-7.030537;,
   -90.337128;126.839920;-0.013034;,
   -79.592545;127.774117;-0.288060;,
   -90.877777;122.595497;7.376656;,
   -80.158356;123.196815;8.494972;,
   -91.549355;117.347305;7.586881;,
   -81.329262;111.480499;6.755458;,
   -92.218369;112.140594;0.652288;,
   -81.783401;107.840385;-0.423502;,
   -75.748566;119.913460;7.603730;,
   -85.914200;120.346985;10.497732;,
   -76.888069;116.513573;7.431278;,
   -76.623459;122.808258;5.669354;,
   -87.552544;122.575203;9.393968;,
   -87.744682;118.004585;10.673297;,
   -79.175240;114.531929;5.500145;,
   -88.724922;115.932747;8.772257;,
   -81.342674;115.396713;2.772257;,
   -90.979233;117.193642;7.290388;,
   -91.220459;119.016579;4.948012;,
   -82.217651;118.291580;0.837883;,
   -90.787041;121.764290;6.011027;,
   -81.078163;121.691467;1.010344;,
   -88.409775;123.430809;6.673502;,
   -78.791061;123.673141;2.941487;,
   -95.746452;121.344971;10.431792;,
   -90.091393;123.470909;4.334039;,
   -88.046516;124.948532;3.216331;,
   -89.972977;126.957863;3.015785;,
   -87.487801;125.593666;0.592277;,
   -90.119995;127.793343;0.934041;,
   -92.010529;126.252106;3.650914;,
   -93.481003;124.597168;3.260353;,
   -92.323280;122.070541;3.514492;,
   -93.377785;121.630051;1.002909;,
   -94.396790;124.915390;1.232199;,
   -93.887619;124.765030;-0.952199;,
   -92.819077;122.275139;-1.621140;,
   -90.774208;123.752769;-2.738846;,
   -92.506279;126.456688;-1.484710;,
   -90.379631;127.125694;-1.196748;,
   -88.542267;125.153175;-1.919326;,
   -94.240479;128.615067;1.279349;,
   -93.256516;115.219337;-0.016435;,
   -94.346909;117.919716;-1.789628;,
   -95.606628;115.560028;-3.966010;,
   -93.137024;119.396545;-4.614614;,
   -94.801926;116.007668;-6.586628;,
   -94.888702;112.974640;-3.247895;,
   -92.648216;111.460609;-2.612657;,
   -90.740112;112.921982;-0.139739;,
   -88.169731;112.513535;-2.342328;,
   -91.195206;111.009895;-4.936725;,
   -89.547409;112.336960;-6.736565;,
   -86.959877;113.990326;-5.167304;,
   -88.050232;116.690704;-6.940509;,
   -91.108467;114.043022;-8.275482;,
   -92.505882;116.436378;-8.089896;,
   -90.566620;118.988060;-6.817207;,
   -95.087990;111.449074;-7.645190;,
   -88.181236;117.508202;7.059279;,
   -88.812103;120.388725;5.845032;,
   -93.636826;119.215324;6.258929;,
   -89.528328;121.312958;2.878114;,
   -96.007561;119.470718;4.084321;,
   -94.516472;116.699341;7.092177;,
   -92.491302;114.364861;6.415797;,
   -87.970993;114.484901;6.066734;,
   -88.369949;113.182091;3.183446;,
   -94.611038;113.557373;4.275569;,
   -93.791885;114.060989;1.638301;,
   -89.086189;114.106300;0.216527;,
   -89.717072;116.986832;-0.997726;,
   -96.102058;116.328804;1.267734;,
   -94.937347;118.911423;1.481430;,
   -89.927299;120.010147;-0.005181;,
   -100.771179;116.289948;4.781386;,
   -94.866119;116.826447;4.601132;,
   -97.397491;117.613785;-0.261245;,
   -95.036888;114.792450;0.279506;,
   -94.577103;121.977257;4.508899;,
   -94.455963;125.293488;0.179927;,
   -94.808578;121.031357;-4.066161;,
   -94.997772;116.582115;-3.957730;,
   -95.076340;114.669220;-2.606115;,
   -95.036888;114.792450;0.279506;,
   -92.218369;112.140594;0.652288;,
   -91.838173;115.143349;-6.837960;,
   -91.122086;120.737984;-7.063045;,
   -90.337128;126.839920;-0.013034;,
   -90.877777;122.595497;7.376656;,
   -91.549355;117.347305;7.586881;,
   -92.218369;112.140594;0.652288;,
   -38.155041;0.234506;-0.561825;,
   -30.624758;0.234506;-17.429277;,
   -30.624758;0.234506;13.225299;,
   -23.584480;0.234506;-17.429277;,
   -23.584480;0.234506;13.225299;,
   -15.806742;0.234506;-0.561825;,
   -23.584480;0.234506;13.225299;,
   -15.806742;0.234506;-0.561825;,
   -17.874544;5.993658;-0.561825;,
   -22.882927;6.393111;11.946029;,
   -30.134478;7.101438;11.946029;,
   -30.624758;0.234506;13.225299;,
   -35.625378;7.564345;-0.561825;,
   -38.155041;0.234506;-0.561825;,
   -30.134478;7.101438;-10.192124;,
   -30.624758;0.234506;-17.429277;,
   -22.882927;6.393111;-10.192124;,
   -23.584480;0.234506;-17.429277;,
   -15.806742;0.234506;-0.561825;,
   -17.874544;5.993658;-0.561825;,
   -15.474272;8.611457;-0.561825;,
   -21.711805;8.926663;-13.453920;,
   -24.254814;19.298433;-17.171627;,
   -34.178104;18.859280;-17.247154;,
   -33.052631;9.401749;-13.527013;,
   -43.796150;19.199715;-0.561825;,
   -37.888813;9.577630;-0.561825;,
   -21.711805;8.854780;13.225299;,
   -33.052631;9.336150;13.225299;,
   30.134478;7.101438;-10.192124;,
   33.052631;9.401749;-13.527013;,
   37.888813;9.577630;-0.561825;,
   38.155041;0.234506;-0.561825;,
   30.624758;0.234506;13.225299;,
   30.624758;0.234506;-17.429277;,
   23.584480;0.234506;-17.429277;,
   23.584480;0.234506;13.225299;,
   15.806742;0.234506;-0.561825;,
   24.279133;20.329580;15.486579;,
   34.163052;21.056835;15.213563;,
   24.311560;21.617275;12.562430;,
   34.178104;18.931162;16.305628;,
   24.254814;19.363821;16.305628;,
   21.711805;8.854780;13.225299;,
   33.052631;9.336150;13.225299;,
   43.796150;19.199715;-0.561825;,
   37.888813;9.577630;-0.561825;,
   33.052631;9.401749;-13.527013;,
   34.178104;18.859280;-17.247154;,
   21.711805;8.926663;-13.453920;,
   24.254814;19.298433;-17.171627;,
   15.474272;8.611457;-0.561825;,
   13.065054;19.082659;-0.561825;,
   13.065054;19.082659;-0.561825;,
   15.474272;8.611457;-0.561825;,
   17.874544;5.993658;-0.561825;,
   22.882927;6.393111;11.946029;,
   30.134478;7.101438;11.946029;,
   35.625378;7.564345;-0.561825;,
   38.155041;0.234506;-0.561825;,
   30.624758;0.234506;-17.429277;,
   22.882927;6.393111;-10.192124;,
   23.584480;0.234506;13.225299;,
   30.624758;0.234506;13.225299;,
   15.806742;0.234506;-0.561825;,
   17.874544;5.993658;-0.561825;,
   15.806742;0.234506;-0.561825;,
   23.584480;0.234506;-17.429277;,
   15.806742;0.234506;-0.561825;,
   -49.550468;103.043015;13.980982;,
   -39.817276;109.209702;14.481098;,
   -49.432625;99.609428;-1.237747;,
   -24.866425;129.046295;16.385818;,
   -24.901003;131.206787;-0.391109;,
   -31.641130;128.065567;6.189099;,
   -44.082348;105.374786;-14.258646;,
   -42.323509;108.514236;-13.999781;,
   -36.606335;109.474113;-23.069626;,
   -47.465961;103.548157;-1.055738;,
   -49.432625;99.609428;-1.237747;,
   -46.324566;103.907204;-14.431115;,
   -41.783463;106.064827;-24.588165;,
   19.562845;132.539261;-0.277862;,
   20.028351;131.011154;0.284409;,
   15.909555;129.853760;-9.862811;,
   -15.915922;129.873169;-9.991190;,
   -15.625280;130.334473;-13.307242;,
   -9.669126;128.042694;-18.397001;,
   -8.577274;129.728241;-20.505640;,
   0.000000;127.640060;-21.192015;,
   0.000000;129.806976;-23.144064;,
   8.577274;129.728241;-20.505640;,
   9.669126;128.042694;-18.397001;,
   15.625280;130.334473;-13.307242;,
   15.909555;129.853760;-9.862811;,
   19.562845;132.539261;-0.277862;,
   7.354724;133.182068;-20.345278;,
   12.759994;133.141388;-12.271189;,
   -1.319050;95.695404;35.802937;,
   -13.462262;103.001877;36.039307;,
   -11.970394;100.603897;40.142071;,
   -25.249352;126.757813;20.902187;,
   -23.971144;127.052727;17.177652;,
   -32.071960;119.672409;19.663403;,
   -30.554386;121.924606;22.530071;,
   -21.663925;125.438416;19.903624;,
   -29.764721;118.058098;22.389385;,
   -24.866425;129.046295;16.385818;,
   -31.641130;128.065567;6.189099;,
   -31.779600;123.618225;9.590817;,
   -36.704910;128.579819;4.377253;,
   -36.950718;127.868401;6.627373;,
   -37.514370;125.119873;9.804955;,
   -37.548187;126.139290;12.096553;,
   -32.115532;124.513802;17.843416;,
   -38.151669;124.392700;17.620907;,
   -39.817276;109.209702;14.481098;,
   -33.492699;111.467148;22.213615;,
   -22.206839;115.495415;28.369949;,
   -31.345430;130.279434;-1.075179;,
   -36.102287;130.323898;-1.139231;,
   -42.167881;130.807724;-0.875436;,
   -42.268444;128.652512;4.306698;,
   -42.487167;125.931572;8.002230;,
   -42.378986;126.283531;10.002755;,
   -42.510902;123.456497;16.800230;,
   -47.711472;109.077156;13.159915;,
   -47.465961;103.548157;-1.055738;,
   -49.432625;99.609428;-1.237747;,
   -24.901003;131.206787;-0.391109;,
   -24.877796;127.345879;-11.880862;,
   -24.854918;125.073341;-19.912807;,
   -33.317863;122.242294;-17.382481;,
   -39.003342;122.748657;-17.123962;,
   -43.438110;123.182274;-16.723095;,
   -49.005409;122.070953;-15.709016;,
   -47.915005;129.315872;-0.665282;,
   -48.106007;128.055969;2.195857;,
   -48.506523;125.098442;4.951831;,
   -48.446548;125.809738;7.296821;,
   -49.000923;122.153053;15.600782;,
   -51.055752;109.291702;13.672269;,
   -49.411762;103.017899;-1.075181;,
   -25.549986;117.145264;-31.620686;,
   -38.079056;112.715996;-23.098974;,
   -42.323509;108.514236;-13.999781;,
   -46.649860;108.824203;-15.097698;,
   -50.506210;109.150620;-14.978064;,
   -53.791500;109.428696;-13.647349;,
   -52.635262;120.466263;-13.311548;,
   -51.566273;127.094353;-0.461474;,
   -51.847965;125.228317;3.578602;,
   -52.538086;120.656548;13.476672;,
   -54.364677;109.396545;12.187512;,
   -52.196346;102.729134;-1.048624;,
   -36.606335;109.474113;-23.069626;,
   -59.698139;102.398376;-0.778232;,
   -58.804504;109.490715;9.817121;,
   -57.405861;120.757889;11.190772;,
   -56.924915;124.929398;-0.362181;,
   -57.457497;120.562546;-10.758818;,
   -58.823124;109.486877;-10.660407;,
   -59.698139;102.398376;-0.778232;,
   -52.196346;102.729134;-1.048624;,
   -49.411762;103.017899;-1.075181;,
   -47.465961;103.548157;-1.055738;,
   -36.431751;105.665993;26.323696;,
   -49.550468;103.043015;13.980982;,
   -48.618889;123.989777;10.248179;,
   -44.840496;124.256805;11.254572;,
   -46.811451;127.499619;10.162412;,
   -42.540028;129.038223;1.349187;,
   -45.304913;130.630859;3.675589;,
   -46.318382;128.771179;0.342791;,
   -49.982010;99.836395;-15.767120;,
   -46.324566;103.907204;-14.431115;,
   -41.783463;106.064827;-24.588165;,
   11.197385;109.398155;-38.261971;,
   11.198453;107.691895;-39.700905;,
   0.000000;109.040573;-38.286564;,
   0.000000;100.627022;-46.718430;,
   -11.128138;100.482224;-46.849602;,
   -11.198453;107.691895;-39.700905;,
   -11.195954;111.686455;-36.332188;,
   0.000000;113.167358;-32.385586;,
   3.856326;99.808769;-44.580784;,
   11.182517;105.289810;-39.138000;,
   11.168254;104.595383;-42.771229;,
   7.131659;100.534225;-46.802498;,
   11.128138;100.482224;-46.849602;,
   16.919191;106.016724;-39.350639;,
   25.497084;103.504906;-38.825428;,
   24.691250;96.904991;-43.615597;,
   43.199444;100.318237;-27.967331;,
   44.310181;95.125572;-30.221878;,
   49.982010;99.836395;-15.767120;,
   50.349804;93.211472;-12.720877;,
   54.352779;84.869987;-18.522366;,
   44.531185;86.836693;-33.066349;,
   53.326431;77.784424;-21.834133;,
   44.515293;78.506676;-36.067421;,
   14.058822;106.086235;-37.342667;,
   19.555281;111.004349;-34.725201;,
   21.835726;110.050217;-32.103706;,
   24.116171;110.632195;-33.848423;,
   25.861740;110.489769;-33.512859;,
   41.783463;106.064827;-24.588165;,
   60.550610;80.937004;-0.492756;,
   52.018082;68.752022;-26.055845;,
   53.623810;92.481758;-0.561825;,
   57.463058;86.641075;-0.561825;,
   60.550610;80.937004;-0.492756;,
   -25.861740;110.489769;-33.512859;,
   -25.497086;103.504913;-38.825428;,
   12.571701;90.952438;39.106285;,
   12.719794;94.077919;35.357460;,
   2.648995;103.169815;29.844131;,
   1.972086;101.696976;34.895981;,
   0.000000;99.769684;35.328201;,
   0.000000;103.696014;31.302185;,
   -1.051305;106.958939;33.380905;,
   -3.304039;105.885864;33.818996;,
   -5.699460;111.970116;31.940487;,
   -13.028062;112.330780;32.954781;,
   0.000000;111.689636;31.151674;,
   51.311302;96.235611;17.703878;,
   38.562450;98.402336;28.863523;,
   38.694118;94.480766;30.144754;,
   51.579536;93.025902;19.520554;,
   51.937180;91.143852;16.231552;,
   53.623810;92.481758;-0.561825;,
   57.463058;86.641075;-0.561825;,
   54.393932;87.153046;17.034700;,
   55.751083;81.961189;18.238716;,
   60.550610;80.937004;-0.492756;,
   56.865582;72.393684;17.114491;,
   60.380604;71.811256;-0.508387;,
   39.004505;90.138092;27.372501;,
   40.094540;84.732185;26.541422;,
   41.044876;78.513504;27.121878;,
   42.497772;70.404411;33.151951;,
   25.808708;95.935623;35.279938;,
   39.650681;70.010231;34.056519;,
   34.116673;76.889282;31.901552;,
   37.964260;69.776741;34.592312;,
   32.910675;76.606552;32.733555;,
   36.457405;69.568108;35.071068;,
   30.216244;75.974876;34.592403;,
   24.776474;74.699600;38.345219;,
   26.299438;68.161705;38.298401;,
   12.048659;67.029419;39.998848;,
   11.050629;74.449097;38.043251;,
   12.945166;82.204941;40.232586;,
   25.795151;82.311325;37.736237;,
   25.868895;84.129395;37.314846;,
   27.726501;82.638298;33.907692;,
   29.060627;82.864166;35.179737;,
   53.326431;77.784424;-21.834133;,
   44.624584;70.861000;-37.574501;,
   43.429749;66.105377;-38.587852;,
   36.229816;78.712799;30.466949;,
   33.462723;81.800209;31.142870;,
   35.064121;79.659409;34.424030;,
   30.449856;74.652351;38.405190;,
   29.183846;71.066971;36.546196;,
   26.416750;74.154419;37.222107;,
   15.150349;112.343651;-34.263203;,
   17.204853;113.741020;-32.495171;,
   17.736752;113.441612;-35.506485;,
   23.356045;108.163811;-35.235001;,
   21.765003;109.789169;-37.300766;,
   21.301558;106.766411;-37.003014;,
   3.194730;105.200882;-41.133842;,
   4.924869;107.840797;-38.672535;,
   5.901193;107.814743;-42.585285;,
   12.676683;105.328857;-44.681801;,
   13.540950;101.405045;-44.335148;,
   15.271070;104.044968;-41.873871;,
   -13.001554;121.143784;26.588751;,
   -16.198420;129.564240;15.534666;,
   -24.866425;129.046295;16.385818;,
   -7.922383;128.288239;20.353458;,
   -8.087671;129.874268;19.431179;,
   -16.042065;130.806412;13.706091;,
   -20.155399;131.502380;-0.318819;,
   0.000000;121.011658;25.360626;,
   0.000000;128.363205;20.800976;,
   0.000000;129.868881;20.285683;,
   -14.590510;132.048584;11.482118;,
   -8.166823;131.429993;17.540909;,
   -27.420444;122.246567;16.899363;,
   -24.866425;129.046295;16.385818;,
   -31.779600;123.618225;9.590817;,
   -32.115532;124.513802;17.843416;,
   -22.206839;115.495415;28.369949;,
   -22.206839;115.495415;28.369949;,
   -23.306719;121.099426;23.413872;,
   -27.420444;122.246567;16.899363;,
   -12.759994;133.141388;-12.271189;,
   -15.625280;130.334473;-13.307242;,
   -19.610180;132.721268;-0.521511;,
   -17.081974;134.135452;-1.194736;,
   -14.661474;141.998062;-3.597304;,
   -13.732910;142.036011;3.631544;,
   -13.145830;137.986160;7.595466;,
   -12.299230;136.159210;7.729446;,
   -14.886030;135.097610;9.612484;,
   -14.590510;132.048584;11.482118;,
   -8.495162;135.517288;16.242340;,
   -8.166823;131.429993;17.540909;,
   -20.155399;131.502380;-0.318819;,
   -53.640320;98.557854;-1.298701;,
   -49.550468;103.043015;13.980982;,
   -49.432625;99.609428;-1.237747;,
   -13.014809;116.737282;29.771761;,
   -13.028062;112.330780;32.954781;,
   -5.699460;111.970116;31.940487;,
   0.000000;111.689636;31.151674;,
   0.000000;121.011658;25.360626;,
   -53.640320;98.557854;-1.298701;,
   -49.432625;99.609428;-1.237747;,
   -46.324566;103.907204;-14.431115;,
   -49.982010;99.836395;-15.767120;,
   -26.179525;107.715843;31.080162;,
   -25.827105;105.471802;30.966793;,
   -36.431751;105.665993;26.323696;,
   -36.616581;103.014778;26.079887;,
   -25.813608;100.569077;34.534153;,
   -15.645565;109.584183;33.666962;,
   -12.064570;106.489281;35.093956;,
   -11.770414;111.320259;36.270420;,
   -2.439376;114.650742;28.640755;,
   -5.467104;116.665009;32.044361;,
   -6.020363;117.745651;27.213762;,
   -15.625280;130.334473;-13.307242;,
   -15.915922;129.873169;-9.991190;,
   -19.610180;132.721268;-0.521511;,
   -23.306719;121.099426;23.413872;,
   -24.866425;129.046295;16.385818;,
   -27.420444;122.246567;16.899363;,
   -15.915922;129.873169;-9.991190;,
   -20.155399;131.502380;-0.318819;,
   -19.610180;132.721268;-0.521511;,
   -51.579536;93.025902;19.520554;,
   -51.311302;96.235611;17.703878;,
   -53.623810;92.481758;-0.561825;,
   -25.808706;95.935623;35.279938;,
   -13.052660;101.103226;37.958134;,
   -13.028062;112.330780;32.954781;,
   -25.813608;100.569077;34.534153;,
   -38.562450;98.402336;28.863523;,
   -38.694118;94.480766;30.144754;,
   -36.616581;103.014778;26.079887;,
   46.324566;103.907204;-14.431115;,
   53.608284;98.417038;-1.465504;,
   49.982010;99.836395;-15.767120;,
   49.324333;99.133865;-1.792506;,
   44.097862;105.434196;-14.342525;,
   47.304008;102.853340;-1.576619;,
   42.385651;108.759933;-14.191288;,
   36.654438;109.670090;-23.109428;,
   41.783463;106.064827;-24.588165;,
   49.324333;99.133865;-1.792506;,
   49.303917;102.009796;13.647587;,
   53.608284;98.417038;-1.465504;,
   40.777786;108.150391;14.262882;,
   31.076691;129.252518;0.429323;,
   24.647779;130.231796;0.888571;,
   24.511520;127.616829;16.994083;,
   31.424026;121.711952;18.714663;,
   -8.598966;146.189545;6.581058;,
   -9.645636;147.051758;-3.352371;,
   -13.732910;142.036011;3.631544;,
   -14.661474;141.998062;-3.597304;,
   -11.922020;141.166992;-9.427951;,
   -12.759994;133.141388;-12.271189;,
   -6.221164;141.594193;-16.219231;,
   -7.354724;133.182068;-20.345278;,
   -15.625280;130.334473;-13.307242;,
   -8.577274;129.728241;-20.505640;,
   0.000000;133.014465;-23.038593;,
   0.000000;129.806976;-23.144064;,
   8.577274;129.728241;-20.505640;,
   7.354724;133.182068;-20.345278;,
   0.000000;142.642303;-18.752890;,
   6.221164;141.594193;-16.219231;,
   12.759994;133.141388;-12.271189;,
   11.922020;141.166992;-9.427951;,
   14.661474;141.998062;-3.597304;,
   17.081070;134.131989;-1.189598;,
   19.562845;132.539261;-0.277862;,
   15.625280;130.334473;-13.307242;,
   0.000000;150.537491;-3.082573;,
   9.645636;147.051758;-3.352371;,
   13.732910;142.036011;3.631544;,
   13.145830;137.986160;7.595466;,
   12.299230;136.159210;7.729446;,
   14.886030;135.097610;9.612484;,
   14.528517;131.800415;11.617322;,
   20.028351;131.011154;0.284409;,
   0.000000;148.732437;7.786433;,
   8.598966;146.189545;6.581058;,
   8.684854;139.713974;12.377660;,
   8.836807;137.021011;13.723174;,
   8.495162;135.517288;16.242340;,
   8.166823;131.430008;17.540909;,
   0.000000;135.656616;17.578772;,
   0.000000;131.374542;18.758596;,
   -8.166823;131.429993;17.540909;,
   -8.495162;135.517288;16.242340;,
   0.000000;137.888611;15.019712;,
   -8.836807;137.021011;13.723174;,
   -14.886030;135.097610;9.612484;,
   -12.299230;136.159210;7.729446;,
   -8.684854;139.713974;12.377660;,
   -13.145830;137.986160;7.595466;,
   -8.598966;146.189545;6.581058;,
   0.000000;141.516678;14.838864;,
   49.324333;99.133865;-1.792506;,
   47.304008;102.853340;-1.576619;,
   40.777786;108.150391;14.262882;,
   21.293446;111.718658;28.093725;,
   31.424026;121.711952;18.714663;,
   24.511520;127.616829;16.994083;,
   32.774258;108.489754;21.869835;,
   37.387356;121.303810;18.733147;,
   35.803616;129.189407;0.660218;,
   31.076691;129.252518;0.429323;,
   33.444752;122.811211;-16.510902;,
   32.172485;122.283875;-14.768310;,
   30.997227;123.701271;-17.222067;,
   24.965454;125.559715;-19.327011;,
   24.871040;127.358154;-11.125750;,
   24.647779;130.231796;0.888571;,
   36.151020;104.494293;26.033411;,
   49.303917;102.009796;13.647587;,
   25.549986;117.145264;-31.620686;,
   28.661053;115.371033;-27.327234;,
   31.067245;115.291634;-27.871389;,
   38.172680;113.103447;-23.064108;,
   42.385651;108.759933;-14.191288;,
   36.654438;109.670090;-23.109428;,
   39.134426;123.350555;-15.956805;,
   46.764500;109.289795;-15.220309;,
   49.181702;102.030357;-1.825156;,
   47.304008;102.853340;-1.576619;,
   43.556240;123.739227;-15.398003;,
   50.615627;109.601715;-14.967328;,
   51.965492;101.740440;-1.757497;,
   53.864929;109.737228;-13.530349;,
   59.458763;101.382912;-1.330240;,
   58.818111;109.478592;-10.425256;,
   52.670265;120.677078;-12.057241;,
   57.425159;120.502350;-9.385138;,
   51.253902;125.906288;1.390734;,
   56.614140;123.743004;1.398341;,
   56.810020;118.370857;12.452986;,
