xof 0303txt 0032
template VertexDuplicationIndices {
 <b8d65549-d7c9-4995-89cf-53a9a8b031e3>
 DWORD nIndices;
 DWORD nOriginalVertices;
 array DWORD indices[nIndices];
}

template EffectParamDWord {
 <e13963bc-ae51-4c5d-b00f-cfa3a9d97ce5>
 STRING ParamName;
 DWORD Value;
}

template FVFData {
 <b6e70a0e-8ef9-4e83-94ad-ecc8b0c04897>
 DWORD dwFVF;
 DWORD nDWords;
 array DWORD data[nDWords];
}

template EffectFloats {
 <f1cfe2b3-0de3-4e28-afa1-155a750a282d>
 DWORD nFloats;
 array FLOAT Floats[nFloats];
}

template EffectString {
 <d55b097e-bdb6-4c52-b03d-6051c89d0e42>
 STRING Value;
}

template EffectDWord {
 <622c0ed0-956e-4da9-908a-2af94f3ce716>
 DWORD Value;
}

template EffectInstance {
 <e331f7e4-0559-4cc2-8e99-1cec1657928f>
 STRING EffectFilename;
 [...]
}

template AnimTicksPerSecond {
 <9e415a43-7ba6-4a73-8743-b73d47e88476>
 DWORD AnimTicksPerSecond;
}

template VertexElement {
 <f752461c-1e23-48f6-b9f8-8350850f336f>
 DWORD Type;
 DWORD Method;
 DWORD Usage;
 DWORD UsageIndex;
}

template DeclData {
 <bf22e553-292c-4781-9fea-62bd554bdd93>
 DWORD nElements;
 array VertexElement Elements[nElements];
 DWORD nDWords;
 array DWORD data[nDWords];
}

template EffectParamFloats {
 <3014b9a0-62f5-478c-9b86-e4ac9f4e418b>
 STRING ParamName;
 DWORD nFloats;
 array FLOAT Floats[nFloats];
}

template EffectParamString {
 <1dbc4c88-94c1-46ee-9076-2c28818c9481>
 STRING ParamName;
 STRING Value;
}


AnimTicksPerSecond {
 4800;
}

Frame {
 

 FrameTransformMatrix {
  1.000000,0.000000,0.000000,0.000000,0.000000,1.000000,0.000000,0.000000,0.000000,0.000000,1.000000,0.000000,0.000000,0.000000,0.000000,1.000000;;
 }

 Frame Pelvis {
  

  FrameTransformMatrix {
   0.955955,-0.043720,-0.290240,0.000000,0.071677,0.993679,0.086399,0.000000,0.284628,-0.103397,0.953046,0.000000,-4.367184,51.494736,-0.010305,1.000000;;
  }

  Frame Spine1 {
   

   FrameTransformMatrix {
    0.992697,0.114299,0.038570,0.000000,-0.105353,0.977203,-0.184321,0.000000,-0.058758,0.178912,0.982109,0.000000,0.000000,7.310002,3.059999,1.000000;;
   }

   Frame Spine2 {
    

    FrameTransformMatrix {
     0.967843,0.149357,-0.202416,0.000000,-0.148993,0.988690,0.017125,0.000000,0.202685,0.013584,0.979150,0.000000,-0.000001,9.349994,-0.000000,1.000000;;
    }

    Frame Spine3 {
     

     FrameTransformMatrix {
      0.986862,0.159990,-0.022515,0.000000,-0.153867,0.973167,0.171089,0.000000,0.049284,-0.165376,0.984998,0.000000,0.000001,11.050010,-0.000001,1.000000;;
     }

     Frame Neck {
      

      FrameTransformMatrix {
       0.979428,-0.160698,0.122056,0.000000,0.123612,0.955858,0.266564,0.000000,-0.159504,-0.245992,0.956058,0.000000,-0.000000,7.650002,0.000000,1.000000;;
      }

      Frame Head {
       

       FrameTransformMatrix {
        0.753685,0.515161,-0.408127,0.000000,-0.241665,0.794695,0.556828,0.000000,0.611193,-0.321043,0.723446,0.000000,-0.000001,5.610001,-0.849999,1.000000;;
       }

       Frame Jaw {
        

        FrameTransformMatrix {
         0.999999,0.000792,-0.001184,0.000000,-0.001276,0.867869,-0.496791,0.000000,0.000634,0.496793,0.867870,0.000000,0.000004,0.000000,-1.190002,1.000000;;
        }
       }
      }
     }

     Frame right_collar {
      

      FrameTransformMatrix {
       1.000000,0.000290,-0.000051,0.000000,-0.000290,1.000000,0.000034,0.000000,0.000051,-0.000034,1.000000,0.000000,-1.700001,6.120010,0.849999,1.000000;;
      }

      Frame right_shoulder {
       

       FrameTransformMatrix {
        0.470057,0.881503,0.044702,0.000000,-0.695484,0.401096,-0.596175,0.000000,-0.543460,0.249147,0.801609,0.000000,-10.200002,-3.400002,1.359998,1.000000;;
       }

       Frame right_elbow {
        

        FrameTransformMatrix {
         0.972191,0.000000,0.234191,0.000000,-0.000000,1.000000,0.000000,0.000000,-0.234191,-0.000000,0.972191,0.000000,-16.659992,0.000000,0.000001,1.000000;;
        }

        Frame right_wrist {
         

         FrameTransformMatrix {
          0.999483,0.016025,-0.027918,0.000000,-0.018272,0.996448,-0.082187,0.000000,0.026501,0.082655,0.996226,0.000000,-14.789997,0.000002,-0.000001,1.000000;;
         }

         Frame right_index1 {
          

          FrameTransformMatrix {
           -0.000001,0.000001,1.000003,0.000000,-0.866001,-0.500035,-0.000001,0.000000,0.500037,-0.866004,0.000001,0.000000,-5.779999,-0.340000,0.000001,1.000000;;
          }

          Frame right_index2 {
           

           FrameTransformMatrix {
            1.000006,0.000000,0.000000,0.000000,0.000000,0.939710,0.341970,0.000000,0.000000,-0.341968,0.939706,0.000000,0.000000,2.040005,0.000001,1.000000;;
           }

           Frame right_index3 {
            

            FrameTransformMatrix {
             1.000013,-0.000001,0.000002,0.000000,-0.000001,0.804667,0.593728,0.000000,-0.000002,-0.593719,0.804655,0.000000,0.000000,2.039997,-0.000000,1.000000;;
            }
           }
          }
         }

         Frame right_thumb1 {
          

          FrameTransformMatrix {
           1.000003,0.000000,-0.000000,0.000000,-0.000000,0.967729,-0.251982,0.000000,0.000000,0.251982,0.967732,0.000000,-1.529999,-0.509998,-1.530001,1.000000;;
          }

          Frame right_thumb2 {
           

           FrameTransformMatrix {
            0.139040,0.040665,0.989459,0.000000,-0.751083,-0.646838,0.132127,0.000000,0.645393,-0.761538,-0.059393,0.000000,-1.699993,-1.530001,-1.530001,1.000000;;
           }

           Frame right_thumb3 {
            

            FrameTransformMatrix {
             1.000018,0.000000,0.000000,0.000000,0.000000,0.999996,0.000000,0.000000,0.000000,0.000000,0.999986,0.000000,0.000000,2.549999,-0.000001,1.000000;;
            }
           }
          }
         }

         Frame right_weapon {
          

          FrameTransformMatrix {
           1.000003,0.000000,0.000000,0.000000,0.000000,0.999997,0.000000,0.000000,0.000000,0.000000,1.000000,0.000000,0.000000,0.000000,0.000000,1.000000;;
          }
         }
        }
       }
      }
     }

     Frame left_collar {
      

      FrameTransformMatrix {
       0.962631,-0.055987,0.264968,0.000000,0.034250,0.995710,0.085960,0.000000,-0.268643,-0.073672,0.960418,0.000000,1.699997,6.119995,0.850000,1.000000;;
      }

      Frame left_shoulder {
       

       FrameTransformMatrix {
        -0.088296,-0.968565,0.232563,0.000000,0.939970,-0.158281,-0.302328,0.000000,0.329634,0.191908,0.924398,0.000000,10.199995,-3.406517,1.360000,1.000000;;
       }

       Frame left_elbow {
        

        FrameTransformMatrix {
         0.962414,0.000000,-0.271588,0.000000,0.000000,1.000000,0.000000,0.000000,0.271588,0.000000,0.962414,0.000000,16.659992,-0.000002,0.000000,1.000000;;
        }

        Frame left_wrist {
         

         FrameTransformMatrix {
          0.990697,-0.014524,0.135306,0.000000,-0.089217,0.681468,0.726390,0.000000,-0.102757,-0.731704,0.673832,0.000000,14.790002,0.000002,0.000002,1.000000;;
         }

         Frame left_index1 {
          

          FrameTransformMatrix {
           -0.000001,0.000001,-1.000001,0.000000,0.819143,-0.573590,-0.000001,0.000000,-0.573590,-0.819143,-0.000001,0.000000,5.779995,-0.339999,0.000000,1.000000;;
          }

          Frame left_index2 {
           

           FrameTransformMatrix {
            1.000001,0.000000,0.000000,0.000000,0.000000,0.939711,0.341970,0.000000,0.000000,-0.341970,0.939711,0.000000,-0.000002,2.039997,-0.000002,1.000000;;
           }

           Frame left_index3 {
            

            FrameTransformMatrix {
             1.000001,0.000000,0.000000,0.000000,0.000000,0.906490,0.422227,0.000000,0.000000,-0.422227,0.906489,0.000000,0.000000,2.040001,0.000002,1.000000;;
            }
           }
          }
         }

         Frame left_thumb1 {
          

          FrameTransformMatrix {
           1.000001,0.000000,0.000000,0.000000,0.000000,1.000000,0.000000,0.000000,0.000000,0.000000,1.000000,0.000000,1.529999,-0.509999,-1.529999,1.000000;;
          }

          Frame left_thumb2 {
           

           FrameTransformMatrix {
            0.089174,0.002116,-0.996016,0.000000,0.758619,-0.648125,0.066543,0.000000,-0.645402,-0.761530,-0.059402,0.000000,1.699997,-1.529999,-1.530003,1.000000;;
           }

           Frame left_thumb3 {
            

            FrameTransformMatrix {
             0.944934,0.327266,0.000000,0.000000,-0.327265,0.944932,0.000000,0.000000,0.000000,0.000000,0.999999,0.000000,-0.000002,2.550003,-0.000004,1.000000;;
            }
           }
          }
         }
        }
       }
      }
     }
    }
   }
  }

  Frame right_thigh {
   

   FrameTransformMatrix {
    0.989560,0.070655,0.125610,0.000000,-0.043325,0.977104,-0.208302,0.000000,-0.137452,0.200686,0.969965,0.000000,-5.610001,-2.379997,0.850000,1.000000;;
   }

   Frame right_knee {
    

    FrameTransformMatrix {
     0.998664,0.051276,-0.006476,0.000000,-0.050689,0.947273,-0.316392,0.000000,-0.010089,0.316297,0.948607,0.000000,0.000001,-21.249996,1.700001,1.000000;;
    }

    Frame right_ankle {
     

     FrameTransformMatrix {
      0.976234,-0.035109,-0.213854,0.000000,0.067263,0.987144,0.144991,0.000000,0.206014,-0.155930,0.966045,0.000000,0.000002,-22.950003,2.889999,1.000000;;
     }

     Frame right_ball {
      

      FrameTransformMatrix {
       0.999998,0.000658,0.001751,0.000000,-0.001096,0.964582,0.263782,0.000000,-0.001516,-0.263784,0.964581,0.000000,-0.000001,-5.950001,-11.050002,1.000000;;
      }
     }
    }
   }
  }

  Frame left_thigh {
   

   FrameTransformMatrix {
    0.871762,0.187203,0.452753,0.000000,-0.396946,0.811547,0.428749,0.000000,-0.287167,-0.553486,0.781785,0.000000,5.609999,-2.379993,0.850000,1.000000;;
   }

   Frame left_knee {
    

    FrameTransformMatrix {
     0.995118,0.097964,-0.011954,0.000000,-0.086865,0.811941,-0.577240,0.000000,-0.046843,0.575460,0.816487,0.000000,-0.000000,-21.250000,1.699999,1.000000;;
    }

    Frame left_ankle {
     

     FrameTransformMatrix {
      0.990708,-0.034564,-0.131540,0.000000,0.006315,0.977815,-0.209375,0.000000,0.135858,0.206599,0.968948,0.000000,0.000000,-22.950001,2.889999,1.000000;;
     }

     Frame left_ball {
      

      FrameTransformMatrix {
       1.000000,0.000000,0.000000,0.000000,0.000000,1.000000,0.000000,0.000000,0.000000,0.000000,1.000000,0.000000,-0.000000,-5.950002,-11.049998,1.000000;;
      }
     }
    }
   }
  }
 }

 Frame A_decap_mat {
  

  FrameTransformMatrix {
   1.000000,0.000000,0.000000,0.000000,0.000000,1.000000,0.000000,0.000000,0.000000,0.000000,1.000000,0.000000,0.000000,0.000000,0.000000,1.000000;;
  }

  Mesh A_decap_mat {
   1826;
   -23.929941;71.395782;1.339730;,
   -21.887609;70.568619;2.769754;,
   -22.803854;68.904388;2.169811;,
   -22.642923;71.945892;0.633598;,
   -20.879967;71.322044;2.811978;,
   -17.748924;75.167564;-0.269064;,
   -16.875793;73.980301;3.250982;,
   -24.157904;73.913788;1.144741;,
   -20.482346;76.981827;0.238190;,
   -25.430780;72.623901;1.271516;,
   -26.249018;75.273010;3.286994;,
   -24.576658;76.914986;3.372399;,
   -22.790939;78.478317;3.568040;,
   -22.530602;76.699142;6.942962;,
   -25.104528;74.117332;5.979939;,
   -22.997231;72.473053;6.883778;,
   -20.609875;74.643570;7.999826;,
   -21.506010;71.210701;5.591635;,
   -18.651016;73.261665;6.865714;,
   -20.879967;71.322044;2.811978;,
   -16.875793;73.980301;3.250982;,
   -28.250813;73.566971;2.728332;,
   -26.871050;72.919495;5.650122;,
   -24.740746;70.690697;7.112539;,
   -22.649229;68.655022;5.206740;,
   -21.887609;70.568619;2.769754;,
   -22.803854;68.904388;2.169811;,
   -25.761589;66.369827;4.528169;,
   -25.919724;66.899269;1.957744;,
   -22.803854;68.904388;2.169811;,
   -22.649229;68.655022;5.206740;,
   -27.351152;68.533020;6.287212;,
   -24.740746;70.690697;7.112539;,
   -26.871050;72.919495;5.650122;,
   -29.575203;70.548256;4.958858;,
   -28.250813;73.566971;2.728332;,
   -30.426291;71.025238;2.176879;,
   -26.820427;71.282784;0.380286;,
   -28.555065;68.767250;0.094325;,
   -24.971989;70.169273;1.282493;,
   -25.919724;66.899269;1.957744;,
   -22.803854;68.904388;2.169811;,
   -23.929941;71.395782;1.339730;,
   -25.430780;72.623901;1.271516;,
   -25.919733;66.899284;1.957744;,
   -30.448275;64.125862;1.833911;,
   -28.555065;68.767250;0.094320;,
   -32.174885;65.168594;0.379005;,
   -33.837738;67.231911;1.781175;,
   -30.426294;71.025238;2.176877;,
   -33.404732;66.990753;3.772398;,
   -29.575203;70.548248;4.958856;,
   -31.794827;65.005157;5.048266;,
   -27.351152;68.533020;6.287212;,
   -30.368395;64.012421;3.807948;,
   -25.761595;66.369843;4.528167;,
   -25.919733;66.899284;1.957744;,
   -30.448275;64.125862;1.833911;,
   -34.435287;61.147381;3.503594;,
   -34.358303;61.376801;1.633096;,
   -36.899979;58.915096;1.620053;,
   -36.635426;58.987953;3.915832;,
   -36.584454;61.228447;5.042836;,
   -35.239021;62.205376;4.271367;,
   -37.091537;62.014305;4.473632;,
   -34.358303;61.376801;1.633096;,
   -35.340000;62.315903;0.241622;,
   -36.512211;63.717285;1.372230;,
   -36.472973;63.627666;2.982226;,
   -38.274498;61.719269;0.906232;,
   -38.227310;61.857922;2.687719;,
   -37.851242;61.123749;-0.574989;,
   -38.863075;59.754223;-0.973700;,
   -25.919724;66.899269;1.957744;,
   -25.761589;66.369827;4.528169;,
   -29.130304;67.562149;3.362372;,
   -27.351152;68.533020;6.287212;,
   -29.575203;70.548256;4.958858;,
   -30.426291;71.025238;2.176879;,
   -28.555065;68.767250;0.094325;,
   -29.575203;70.548248;4.958856;,
   -27.351152;68.533020;6.287212;,
   -25.866995;70.871765;3.004363;,
   -25.761595;66.369843;4.528167;,
   -25.919733;66.899284;1.957744;,
   -28.555065;68.767250;0.094320;,
   -30.426294;71.025238;2.176877;,
   -40.782833;56.378841;2.450643;,
   -40.132935;56.234612;3.101700;,
   -41.755798;54.494926;2.813859;,
   -41.447365;54.233234;3.436366;,
   -42.575909;54.108238;3.601357;,
   -41.624958;54.596718;4.146498;,
   -40.520554;56.434059;3.918122;,
   -41.579613;56.703800;3.303376;,
   -40.782833;56.378841;2.450643;,
   -41.755798;54.494926;2.813859;,
   -42.575909;54.108238;3.601357;,
   -41.624958;54.596718;4.146498;,
   -40.520554;56.434059;3.918122;,
   -40.916519;56.130501;2.081277;,
   -42.399639;53.788418;1.902561;,
   -40.376514;55.944824;1.272738;,
   -42.115662;53.400200;1.149342;,
   -42.244598;53.786644;0.454283;,
   -40.855042;56.202370;0.468724;,
   -43.291809;53.273293;1.089822;,
   -41.791798;56.553013;1.247422;,
   -40.855042;56.202370;0.468724;,
   -42.244598;53.786644;0.454283;,
   -43.291809;53.273293;1.089822;,
   -42.399639;53.788418;1.902561;,
   -40.916519;56.130501;2.081277;,
   -40.124092;56.924294;-1.469533;,
   -39.712353;56.426067;-0.637853;,
   -41.530712;54.249619;-1.842630;,
   -41.368626;53.826447;-1.282438;,
   -42.263466;53.751995;-1.417722;,
   -41.949226;53.805172;-0.727859;,
   -40.668354;56.402687;0.112251;,
   -41.015907;56.920219;-0.831475;,
   -40.124092;56.924294;-1.469533;,
   -41.530712;54.249619;-1.842630;,
   -42.263466;53.751995;-1.417722;,
   -41.949226;53.805172;-0.727859;,
   -40.668354;56.402687;0.112251;,
   -37.365063;54.887409;-2.122465;,
   -36.555801;54.550491;-2.340671;,
   -35.963043;55.976223;-1.943248;,
   -37.142994;56.777637;-1.507347;,
   -35.305767;58.784843;-1.151046;,
   -37.224659;58.446892;-0.961693;,
   -36.193352;59.111595;-2.390424;,
   -35.305767;58.784843;-1.151046;,
   -35.963043;55.976223;-1.943248;,
   -36.680286;56.143013;-2.786331;,
   -37.567852;56.674156;-2.655724;,
   -37.402828;59.435684;-1.999844;,
   -37.224659;58.446892;-0.961693;,
   -37.142994;56.777637;-1.507347;,
   -37.365063;54.887409;-2.122465;,
   -37.685677;54.974010;-2.877403;,
   -36.555801;54.550491;-2.340671;,
   -37.024910;54.515083;-2.994201;,
   8.580025;1.859517;-1.217671;,
   9.332978;0.162668;-0.362949;,
   10.545343;0.162668;-6.444691;,
   9.884606;1.205973;-6.432262;,
   7.932347;2.306105;-6.147068;,
   6.788125;3.849721;-2.426565;,
   4.468222;2.466973;-6.272222;,
   4.660239;4.501212;-2.836778;,
   4.482359;6.278462;0.885668;,
   6.199976;5.900552;1.627446;,
   9.516974;0.000001;-8.494148;,
   8.709339;1.518732;-8.045009;,
   6.155700;1.617577;-9.080029;,
   4.515649;2.449066;-8.451317;,
   3.180309;1.646126;-8.804139;,
   3.036428;1.621007;-5.989667;,
   3.396823;2.674259;-0.562148;,
   3.472181;1.201492;0.331687;,
   2.584267;0.162668;-6.604841;,
   4.316512;0.000001;0.597674;,
   5.950035;0.000001;-9.691398;,
   4.279456;1.687787;-9.994307;,
   2.712004;0.079296;-9.054830;,
   3.973405;0.000001;-10.763523;,
   5.950035;0.000001;-9.691398;,
   2.712004;0.079296;-9.054830;,
   3.973405;0.000001;-10.763523;,
   9.516974;0.000001;-8.494148;,
   10.545343;0.162668;-6.444691;,
   2.584267;0.162668;-6.604841;,
   9.332978;0.162668;-0.362949;,
   4.316512;0.000001;0.597674;,
   7.869786;0.162669;5.783166;,
   2.390296;0.162668;3.634057;,
   2.254498;0.162669;8.446482;,
   6.026779;0.162669;9.358106;,
   7.041466;5.514548;3.897788;,
   7.217938;4.106326;5.307848;,
   7.150591;3.187310;4.528094;,
   2.942576;6.301749;3.301579;,
   3.120297;3.917932;2.200546;,
   2.797999;5.203187;5.101114;,
   2.866487;2.294366;8.868889;,
   5.677818;2.051715;9.701914;,
   5.103443;5.585868;8.658756;,
   3.622622;6.153988;8.297297;,
   3.622622;6.153988;8.297297;,
   3.405440;6.537014;5.907892;,
   2.866487;2.294366;8.868889;,
   -7.890389;29.301786;-1.299270;,
   -10.869754;28.722595;3.604784;,
   -10.850737;32.154579;3.222558;,
   -7.958442;31.633865;-1.790824;,
   -3.793904;29.193958;-2.154353;,
   -3.735490;31.928782;-2.947730;,
   -1.311337;32.789246;1.837593;,
   -1.288140;26.417345;3.319195;,
   -8.761556;35.344116;-2.294976;,
   -3.694745;36.165367;-3.908730;,
   -0.420158;38.105244;0.742246;,
   -11.313225;35.271748;2.876822;,
   -3.488684;28.714912;8.258691;,
   -3.681738;33.913044;6.851281;,
   -7.822229;29.227642;8.898690;,
   -8.297676;33.229095;7.648458;,
   -10.869754;28.722595;3.604784;,
   -10.850737;32.154579;3.222558;,
   -11.313225;35.271748;2.876822;,
   -8.674531;36.579819;7.244437;,
   -3.713172;37.591476;6.290206;,
   -3.488684;28.714912;8.258691;,
   -1.288140;26.417345;3.319195;,
   -1.311337;32.789246;1.837593;,
   -3.681738;33.913044;6.851281;,
   -3.713172;37.591476;6.290206;,
   -0.420158;38.105244;0.742246;,
   -7.461914;26.788898;8.637472;,
   -3.205741;25.464491;8.023701;,
   -2.832438;23.968056;10.057230;,
   -7.749260;23.271526;10.741749;,
   -7.461914;26.788898;8.637472;,
   -2.832438;23.968056;10.057230;,
   -8.375947;22.210592;-0.572991;,
   -7.886402;23.762064;0.636814;,
   -10.639128;25.222403;4.477096;,
   -11.740330;20.839149;4.701081;,
   -4.510354;23.031731;0.078777;,
   -7.886402;23.762064;0.636814;,
   -8.375947;22.210592;-0.572991;,
   -3.487892;19.640507;-0.966770;,
   -1.818740;22.770298;3.177633;,
   -4.510354;23.031731;0.078777;,
   -3.487892;19.640507;-0.966770;,
   -0.907056;21.317312;4.582474;,
   -3.205741;25.464491;8.023701;,
   -1.818740;22.770298;3.177633;,
   -0.907056;21.317312;4.582474;,
   -2.832438;23.968056;10.057230;,
   -10.639128;25.222403;4.477096;,
   -7.461914;26.788898;8.637472;,
   -7.749260;23.271526;10.741749;,
   -11.740330;20.839149;4.701081;,
   -0.907056;21.317312;4.582474;,
   -3.487892;19.640507;-0.966770;,
   -1.288140;26.417345;3.319195;,
   -3.852317;26.459139;-1.360978;,
   -3.793904;29.193958;-2.154353;,
   -7.822334;26.969702;-0.807717;,
   -7.890389;29.301786;-1.299270;,
   -10.869754;28.722595;3.604784;,
   -8.375947;22.210592;-0.572991;,
   -11.740330;20.839149;4.701081;,
   -11.740330;20.839149;4.701081;,
   -7.749260;23.271526;10.741749;,
   -10.869754;28.722595;3.604784;,
   -7.822229;29.227642;8.898690;,
   -2.832438;23.968056;10.057230;,
   -3.488684;28.714912;8.258691;,
   -2.832438;23.968056;10.057230;,
   -0.907056;21.317312;4.582474;,
   -1.288140;26.417345;3.319195;,
   -3.488684;28.714912;8.258691;,
   -6.199998;5.900552;1.627446;,
   -6.788145;3.849722;-2.426565;,
   -7.150614;3.187310;4.528094;,
   -8.580046;1.859517;-1.217671;,
   -9.332998;0.162668;-0.362949;,
   -7.869807;0.162669;5.783166;,
   -5.677840;2.051715;9.701916;,
   -7.217960;4.106326;5.307848;,
   -5.103465;5.585868;8.658756;,
   -6.153622;5.440302;6.736324;,
   -7.924227;5.380696;5.777046;,
   -7.041486;5.514548;3.897788;,
   -6.026800;0.162669;9.358106;,
   -2.866508;2.294366;8.868889;,
   -2.254519;0.162669;8.446482;,
   -2.390317;0.162668;3.634057;,
   -4.316534;0.000001;0.597674;,
   -3.472201;1.201492;0.331687;,
   -3.120317;3.917932;2.200546;,
   -2.798019;5.203188;5.101114;,
   -2.866508;2.294366;8.868889;,
   -2.254519;0.162669;8.446482;,
   -3.396844;2.674259;-0.562148;,
   -4.660260;4.501214;-2.836778;,
   -4.482380;6.278463;0.885668;,
   -2.942596;6.301749;3.301579;,
   -2.231347;6.486332;4.725192;,
   -3.405461;6.537014;5.907893;,
   -2.942596;6.301749;3.301579;,
   -2.996317;8.134821;4.649078;,
   -2.231347;6.486332;4.725192;,
   -4.745612;9.525141;1.846625;,
   -3.081700;9.316686;4.490669;,
   -3.417733;14.450688;4.288796;,
   -4.739810;16.962727;1.299014;,
   -2.561368;17.458687;4.102740;,
   -1.818740;22.770298;3.177633;,
   -4.510354;23.031731;0.078777;,
   -7.118785;16.565252;1.761548;,
   -7.886402;23.762064;0.636814;,
   -8.923954;15.806381;5.174508;,
   -10.639128;25.222403;4.477096;,
   -6.948956;22.194706;8.944833;,
   -7.461914;26.788898;8.637472;,
   -3.205741;25.464491;8.023701;,
   -3.735739;21.800831;8.442252;,
   -1.818740;22.770298;3.177633;,
   -2.561368;17.458687;4.102740;,
   -4.482380;6.278463;0.885668;,
   -6.199998;5.900552;1.627446;,
   -6.371290;9.493486;2.448784;,
   -7.041486;5.514548;3.897788;,
   -7.666465;9.397802;5.315487;,
   -7.433571;6.848168;5.457992;,
   -6.355914;9.417482;6.654335;,
   -6.381025;15.192486;8.160385;,
   -3.699494;14.768800;7.423518;,
   -3.417733;14.450688;4.288796;,
   -3.588998;9.371510;6.137579;,
   -3.081700;9.316686;4.490669;,
   -2.996317;8.134821;4.649078;,
   -3.405461;6.537014;5.907893;,
   -2.231347;6.486332;4.725192;,
   -7.924227;5.380696;5.777046;,
   -6.153622;5.440302;6.736324;,
   -5.277238;9.426166;8.139234;,
   -4.118960;9.413374;7.804134;,
   -3.622642;6.153988;8.297297;,
   -5.103465;5.585868;8.658756;,
   -10.545362;0.162668;-6.444692;,
   -9.332998;0.162668;-0.362949;,
   -8.580046;1.859517;-1.217671;,
   -9.884625;1.205973;-6.432264;,
   -9.516990;0.000001;-8.494150;,
   -8.709360;1.518732;-8.045010;,
   -5.950055;0.000001;-9.691398;,
   -6.155720;1.617577;-9.080029;,
   -4.279476;1.687787;-9.994307;,
   -3.973425;0.000001;-10.763524;,
   -2.712023;0.079296;-9.054830;,
   -3.180329;1.646126;-8.804140;,
   -2.584288;0.162668;-6.604841;,
   -3.036448;1.621007;-5.989667;,
   -3.472201;1.201492;0.331687;,
   -4.316534;0.000001;0.597674;,
   -7.932368;2.306105;-6.147068;,
   -4.515670;2.449066;-8.451315;,
   -4.468243;2.466973;-6.272222;,
   -4.660260;4.501214;-2.836778;,
   -3.396844;2.674259;-0.562148;,
   -6.788145;3.849722;-2.426565;,
   -4.482380;6.278463;0.885668;,
   -6.199998;5.900552;1.627446;,
   -2.712023;0.079296;-9.054830;,
   -5.950055;0.000001;-9.691398;,
   -3.973425;0.000001;-10.763524;,
   -9.516990;0.000001;-8.494150;,
   -10.545362;0.162668;-6.444692;,
   -2.584288;0.162668;-6.604841;,
   -9.332998;0.162668;-0.362949;,
   -4.316534;0.000001;0.597674;,
   -7.869807;0.162669;5.783166;,
   -2.390317;0.162668;3.634057;,
   -2.254519;0.162669;8.446482;,
   -6.026800;0.162669;9.358106;,
   -7.150614;3.187310;4.528094;,
   -7.217960;4.106326;5.307848;,
   -7.041486;5.514548;3.897788;,
   -2.942596;6.301749;3.301579;,
   -2.798019;5.203188;5.101114;,
   -3.120317;3.917932;2.200546;,
   -5.103465;5.585868;8.658756;,
   -5.677840;2.051715;9.701916;,
   -2.866508;2.294366;8.868889;,
   -3.622642;6.153988;8.297297;,
   -3.405461;6.537014;5.907893;,
   -3.622642;6.153988;8.297297;,
   -2.866508;2.294366;8.868889;,
   3.793901;29.193958;-2.154353;,
   1.288137;26.417345;3.319195;,
   1.311335;32.789242;1.837593;,
   3.735488;31.928782;-2.947730;,
   7.958438;31.633865;-1.790824;,
   7.890385;29.301786;-1.299270;,
   10.850729;32.154575;3.222558;,
   10.869746;28.722595;3.604784;,
   8.297665;33.229095;7.648458;,
   7.822216;29.227638;8.898690;,
   3.681730;33.913044;6.851281;,
   3.488678;28.714912;8.258691;,
   1.311335;32.789242;1.837593;,
   1.288137;26.417345;3.319195;,
   3.694742;36.165367;-3.908730;,
   8.761553;35.344116;-2.294976;,
   11.313219;35.271751;2.876822;,
   8.674521;36.579815;7.244436;,
   3.713165;37.591476;6.290206;,
   0.420155;38.105244;0.742246;,
   0.420155;38.105244;0.742246;,
   10.639110;25.222397;4.477096;,
   7.886382;23.762064;0.636812;,
   8.375935;22.210588;-0.572991;,
   11.740320;20.839149;4.701081;,
   8.375935;22.210588;-0.572991;,
   7.886382;23.762064;0.636812;,
   4.510334;23.031731;0.078777;,
   3.487881;19.640507;-0.966770;,
   3.487881;19.640507;-0.966770;,
   4.510334;23.031731;0.078777;,
   1.818720;22.770298;3.177633;,
   0.907044;21.317310;4.582474;,
   0.907044;21.317310;4.582474;,
   1.818720;22.770298;3.177633;,
   3.205722;25.464485;8.023701;,
   2.832427;23.968056;10.057230;,
   2.832427;23.968056;10.057230;,
   3.205722;25.464485;8.023701;,
   7.461894;26.788898;8.637471;,
   7.749244;23.271524;10.741749;,
   7.749244;23.271524;10.741749;,
   7.461894;26.788898;8.637471;,
   10.639110;25.222397;4.477096;,
   11.740320;20.839149;4.701081;,
   0.907044;21.317310;4.582474;,
   1.288137;26.417345;3.319195;,
   3.487881;19.640507;-0.966770;,
   3.852314;26.459139;-1.360978;,
   8.375935;22.210588;-0.572991;,
   7.822330;26.969702;-0.807717;,
   10.869746;28.722595;3.604784;,
   11.740320;20.839149;4.701081;,
   7.749244;23.271524;10.741749;,
   7.822216;29.227638;8.898690;,
   2.832427;23.968056;10.057230;,
   3.488678;28.714912;8.258691;,
   1.288137;26.417345;3.319195;,
   0.907044;21.317310;4.582474;,
   3.793901;29.193958;-2.154353;,
   7.890385;29.301786;-1.299270;,
   6.199976;5.900552;1.627446;,
   7.150591;3.187310;4.528094;,
   6.788125;3.849721;-2.426565;,
   8.580025;1.859517;-1.217671;,
   9.332978;0.162668;-0.362949;,
   7.869786;0.162669;5.783166;,
   5.677818;2.051715;9.701914;,
   6.026779;0.162669;9.358106;,
   2.866487;2.294366;8.868889;,
   2.254498;0.162669;8.446482;,
   7.217938;4.106326;5.307848;,
   5.103443;5.585868;8.658756;,
   6.153601;5.440302;6.736324;,
   7.924206;5.380696;5.777046;,
   7.041466;5.514548;3.897788;,
   2.390296;0.162668;3.634057;,
   3.472181;1.201492;0.331687;,
   4.316512;0.000001;0.597674;,
   3.120297;3.917932;2.200546;,
   3.396823;2.674259;-0.562148;,
   4.660239;4.501212;-2.836778;,
   4.482359;6.278462;0.885668;,
   2.797999;5.203187;5.101114;,
   2.866487;2.294366;8.868889;,
   2.254498;0.162669;8.446482;,
   2.942576;6.301749;3.301579;,
   2.231327;6.486332;4.725192;,
   3.405440;6.537014;5.907892;,
   2.942576;6.301749;3.301579;,
   2.231327;6.486332;4.725192;,
   2.996298;8.134821;4.649078;,
   4.745592;9.525141;1.846625;,
   4.482359;6.278462;0.885668;,
   6.199976;5.900552;1.627446;,
   6.371270;9.493486;2.448784;,
   7.041466;5.514548;3.897788;,
   7.666445;9.397802;5.315487;,
   7.433551;6.848168;5.457992;,
   7.924206;5.380696;5.777046;,
   6.153601;5.440302;6.736324;,
   6.355893;9.417481;6.654334;,
   5.277218;9.426166;8.139234;,
   5.103443;5.585868;8.658756;,
   3.622622;6.153988;8.297297;,
   4.118941;9.413373;7.804134;,
   3.405440;6.537014;5.907892;,
   3.588978;9.371510;6.137579;,
   2.996298;8.134821;4.649078;,
   2.231327;6.486332;4.725192;,
   3.081680;9.316686;4.490668;,
   3.081680;9.316686;4.490668;,
   3.417713;14.450688;4.288796;,
   3.699474;14.768800;7.423518;,
   2.561348;17.458687;4.102740;,
   3.735719;21.800827;8.442251;,
   1.818720;22.770298;3.177633;,
   3.205722;25.464485;8.023701;,
   6.948936;22.194706;8.944833;,
   7.461894;26.788898;8.637471;,
   10.639110;25.222397;4.477096;,
   8.923935;15.806376;5.174508;,
   6.381005;15.192486;8.160385;,
   4.745592;9.525141;1.846625;,
   3.081680;9.316686;4.490668;,
   3.417713;14.450688;4.288796;,
   4.739790;16.962727;1.299014;,
   7.118763;16.565252;1.761548;,
   6.371270;9.493486;2.448784;,
   8.923935;15.806376;5.174508;,
   7.666445;9.397802;5.315487;,
   2.561348;17.458687;4.102740;,
   1.818720;22.770298;3.177633;,
   4.510334;23.031731;0.078777;,
   7.886382;23.762064;0.636812;,
   10.639110;25.222397;4.477096;,
   10.965059;79.656471;4.172170;,
   11.516218;79.963440;-0.020788;,
   11.747126;79.718636;3.685612;,
   12.474850;79.833206;-0.362042;,
   11.128045;81.172989;-1.164386;,
   16.207205;80.911896;-0.105391;,
   14.526688;84.208298;0.307826;,
   17.790737;84.438004;3.726500;,
   20.834435;80.448166;3.565087;,
   18.911423;81.193077;6.639927;,
   17.544107;84.087090;6.877126;,
   14.149587;80.809578;8.902698;,
   13.621811;84.036606;8.906902;,
   14.564853;86.656784;6.970069;,
   14.591352;87.251991;4.216858;,
   12.485270;86.312027;1.160220;,
   9.789974;83.662399;-1.454193;,
   11.727745;79.624840;8.968018;,
   13.297770;77.497704;8.483054;,
   11.747126;79.718636;3.685612;,
   10.965059;79.656471;4.172170;,
   11.747139;79.718643;3.685612;,
   13.297783;77.497704;8.483055;,
   14.149600;80.809578;8.902698;,
   14.393510;82.853760;4.171807;,
   12.474863;79.833229;-0.362042;,
   16.207216;80.911896;-0.105390;,
   20.834446;80.448166;3.565086;,
   18.911434;81.193077;6.639925;,
   25.919727;66.899269;1.957744;,
   30.448273;64.125854;1.833909;,
   30.368395;64.012421;3.807947;,
   25.761589;66.369835;4.528168;,
   22.803854;68.904381;2.169809;,
   22.649235;68.655006;5.206741;,
   21.887608;70.568634;2.769753;,
   21.506008;71.210701;5.591636;,
   20.879965;71.322052;2.811980;,
   18.651012;73.261665;6.865714;,
   16.875790;73.980301;3.250983;,
   14.992614;75.358810;8.092632;,
   13.077766;77.371475;3.018053;,
   13.297783;77.497704;8.483055;,
   11.747139;79.718643;3.685612;,
   27.351152;68.533020;6.287212;,
   24.740746;70.690689;7.112541;,
   22.997227;72.473053;6.883781;,
   20.609871;74.643570;7.999827;,
   16.561699;78.259705;8.641854;,
   14.149600;80.809578;8.902698;,
   18.911434;81.193077;6.639925;,
   21.171576;78.706726;7.107646;,
   20.834446;80.448166;3.565086;,
   22.790936;78.478325;3.568040;,
   20.482344;76.981834;0.238191;,
   16.207216;80.911896;-0.105390;,
   17.748922;75.167564;-0.269063;,
   12.474863;79.833229;-0.362042;,
   13.077766;77.371475;3.018053;,
   11.747139;79.718643;3.685612;,
   31.794832;65.005157;5.048267;,
   29.575203;70.548248;4.958856;,
   26.871054;72.919495;5.650122;,
   25.104530;74.117332;5.979941;,
   22.530598;76.699142;6.942962;,
   33.404732;66.990753;3.772398;,
   30.426294;71.025238;2.176875;,
   28.250818;73.566971;2.728327;,
   26.249016;75.273010;3.286988;,
   24.576656;76.914986;3.372396;,
   33.837738;67.231911;1.781174;,
   28.555065;68.767250;0.094319;,
   26.820427;71.282776;0.380281;,
   25.430777;72.623886;1.271511;,
   24.157900;73.913788;1.144735;,
   32.174885;65.168594;0.379004;,
   30.448273;64.125854;1.833909;,
   25.919727;66.899269;1.957744;,
   24.971989;70.169273;1.282493;,
   23.929947;71.395790;1.339731;,
   22.642929;71.945900;0.633600;,
   20.879965;71.322052;2.811980;,
   16.875790;73.980301;3.250983;,
   22.803854;68.904381;2.169809;,
   21.887608;70.568634;2.769753;,
   20.834435;80.448166;3.565087;,
   14.978258;79.197876;3.940787;,
   16.207205;80.911896;-0.105391;,
   18.911423;81.193077;6.639927;,
   14.149587;80.809578;8.902698;,
   13.297770;77.497704;8.483054;,
   11.747126;79.718636;3.685612;,
   12.474850;79.833206;-0.362042;,
   37.851238;61.123749;-0.574986;,
   38.274502;61.719269;0.906235;,
   38.863083;59.754223;-0.973699;,
   35.340004;62.315903;0.241620;,
   36.512211;63.717285;1.372229;,
   38.227314;61.857925;2.687719;,
   36.472977;63.627666;2.982226;,
   37.091537;62.014305;4.473622;,
   35.239025;62.205376;4.271366;,
   36.584457;61.228447;5.042838;,
   34.435287;61.147381;3.503593;,
   36.635429;58.987961;3.915833;,
   36.900009;58.915115;1.620039;,
   34.358315;61.376804;1.633081;,
   30.448273;64.125854;1.833909;,
   30.368395;64.012421;3.807947;,
   31.794832;65.005157;5.048267;,
   33.404732;66.990753;3.772398;,
   33.837738;67.231911;1.781174;,
   32.174885;65.168594;0.379004;,
   34.358315;61.376804;1.633081;,
   30.448273;64.125854;1.833909;,
   40.132946;56.234623;3.101702;,
   40.782837;56.378834;2.450644;,
   41.755802;54.494926;2.813856;,
   41.447372;54.233250;3.436369;,
   40.520569;56.434074;3.918123;,
   41.624962;54.596722;4.146504;,
   42.575912;54.108238;3.601356;,
   40.782837;56.378834;2.450644;,
   41.579617;56.703800;3.303375;,
   41.755802;54.494926;2.813856;,
   42.575912;54.108238;3.601356;,
   41.624962;54.596722;4.146504;,
   40.520569;56.434074;3.918123;,
   40.916527;56.130501;2.081272;,
   40.376522;55.944805;1.272756;,
   42.399651;53.788418;1.902555;,
   42.115669;53.400196;1.149354;,
   43.291817;53.273293;1.089819;,
   42.244610;53.786610;0.454303;,
   40.855045;56.202335;0.468742;,
   40.855045;56.202335;0.468742;,
   41.791817;56.553013;1.247419;,
   42.244610;53.786610;0.454303;,
   43.291817;53.273293;1.089819;,
   42.399651;53.788418;1.902555;,
   40.916527;56.130501;2.081272;,
   40.124100;56.924290;-1.469531;,
   41.530720;54.249615;-1.842625;,
   39.712357;56.426067;-0.637850;,
   41.368637;53.826439;-1.282434;,
   40.668358;56.402687;0.112253;,
   41.949230;53.805157;-0.727856;,
   42.263466;53.751987;-1.417718;,
   40.124100;56.924290;-1.469531;,
   41.015911;56.920219;-0.831474;,
   41.530720;54.249615;-1.842625;,
   42.263466;53.751987;-1.417718;,
   41.949230;53.805157;-0.727856;,
   40.668358;56.402687;0.112253;,
   36.555801;54.550468;-2.340671;,
   37.365063;54.887390;-2.122465;,
   35.963043;55.976204;-1.943246;,
   37.142994;56.777618;-1.507348;,
   35.305771;58.784843;-1.151047;,
   37.224663;58.446884;-0.961692;,
   35.305771;58.784843;-1.151047;,
   36.193356;59.111591;-2.390422;,
   35.963043;55.976204;-1.943246;,
   36.680286;56.143002;-2.786329;,
   36.555801;54.550468;-2.340671;,
   37.024918;54.515079;-2.994200;,
   37.685673;54.973995;-2.877403;,
   37.365063;54.887390;-2.122465;,
   37.567852;56.674149;-2.655723;,
   37.142994;56.777618;-1.507348;,
   37.224663;58.446884;-0.961692;,
   37.402847;59.435692;-1.999848;,
   1.608540;87.264641;-1.227733;,
   -0.000012;86.982529;-1.822142;,
   -1.608563;87.264641;-1.227732;,
   -3.351220;87.567047;0.383342;,
   3.351197;87.567039;0.383341;,
   -5.227668;88.327087;1.812990;,
   5.227644;88.327080;1.812990;,
   -4.516908;92.213112;4.053920;,
   1.604255;92.745110;-1.718992;,
   0.767146;92.435524;-1.137908;,
   0.767146;93.158157;-1.135722;,
   1.567860;92.525185;-3.155099;,
   1.604255;92.745110;-1.718992;,
   1.640647;92.534790;-3.132927;,
   0.471121;92.948906;-3.963098;,
   0.767146;92.435524;-1.137908;,
   1.063170;92.852646;-3.448339;,
   1.063170;92.902496;-3.448339;,
   0.767146;93.158157;-1.135722;,
   0.471121;93.001755;-3.958728;,
   -1.604255;92.745117;-1.718992;,
   -0.767146;93.158157;-1.135723;,
   -0.767146;92.435524;-1.137908;,
   -1.567860;92.525185;-3.155099;,
   -1.640647;92.534790;-3.132927;,
   -1.604255;92.745117;-1.718992;,
   -0.471121;92.948906;-3.963098;,
   -1.063170;92.852646;-3.448339;,
   -0.767146;92.435524;-1.137908;,
   -1.063170;92.902496;-3.448339;,
   -0.471122;93.001755;-3.958729;,
   -0.767146;93.158157;-1.135723;,
   -1.142993;96.766640;-3.187311;,
   -1.235173;97.054688;-3.231966;,
   -0.902897;96.811760;-3.178159;,
   -2.753844;94.087044;6.773493;,
   -2.728216;93.077553;6.509498;,
   -0.000000;93.077255;6.916188;,
   -2.728216;93.077553;6.509498;,
   -2.753844;94.087044;6.773493;,
   -4.458128;93.380074;3.754548;,
   -4.516897;92.213112;4.053920;,
   -2.728216;93.077553;6.509498;,
   -4.458128;93.380074;3.754548;,
   -1.608551;87.264641;-1.227733;,
   -0.000000;86.982536;-1.822143;,
   1.608551;87.264641;-1.227733;,
   3.351209;87.567047;0.383342;,
   -3.351209;87.567047;0.383342;,
   5.227656;88.327087;1.812990;,
   -5.227656;88.327087;1.812990;,
   4.516897;92.213112;4.053920;,
   -4.516897;92.213112;4.053920;,
   2.728216;93.077553;6.509498;,
   -2.728216;93.077553;6.509498;,
   -0.000000;93.077255;6.916188;,
   4.322992;92.469650;1.947654;,
   4.458128;93.380074;3.754548;,
   4.516897;92.213112;4.053920;,
   4.515139;90.266441;2.021297;,
   3.578341;90.763458;0.532996;,
   3.549167;89.237640;0.494635;,
   1.784785;89.767815;-1.040368;,
   1.728430;88.033638;-1.372730;,
   0.000000;89.188141;-1.932513;,
   -0.000000;87.583649;-2.045014;,
   -1.728430;88.033638;-1.372730;,
   -1.784786;89.767815;-1.040368;,
   -3.549167;89.237640;0.494635;,
   -3.578340;90.763458;0.532996;,
   -4.515139;90.266441;2.021297;,
   -4.322991;92.469650;1.947654;,
   -4.516897;92.213112;4.053920;,
   -4.458128;93.380074;3.754548;,
   5.227656;88.327087;1.812990;,
   3.351209;87.567047;0.383342;,
   1.608551;87.264641;-1.227733;,
   -0.000000;86.982536;-1.822143;,
   -1.608551;87.264641;-1.227733;,
   -3.351209;87.567047;0.383342;,
   -5.227656;88.327087;1.812990;,
   4.516897;92.213112;4.053920;,
   4.458128;93.380074;3.754548;,
   2.728216;93.077553;6.509498;,
   2.753844;94.087036;6.773494;,
   -0.000000;93.077255;6.916188;,
   -0.000000;94.071487;7.205635;,
   0.767146;93.158157;-1.135722;,
   0.767146;92.435524;-1.137908;,
   -0.000000;93.325653;-1.412795;,
   -0.000000;92.113899;-1.488486;,
   -0.767146;92.435524;-1.137908;,
   -0.767146;93.158157;-1.135723;,
   -0.000000;92.113899;-1.488486;,
   0.471121;92.948906;-3.963098;,
   -0.000000;92.971558;-4.056296;,
   -0.471121;92.948906;-3.963098;,
   1.063170;92.852646;-3.448339;,
   1.604255;92.745110;-1.718992;,
   1.567860;92.525185;-3.155099;,
   0.471121;93.001755;-3.958728;,
   0.767146;93.158157;-1.135722;,
   -0.000000;93.325653;-1.412795;,
   0.000000;93.029045;-3.980604;,
   -0.471122;93.001755;-3.958729;,
   -0.767146;93.158157;-1.135723;,
   1.604255;92.745110;-1.718992;,
   0.767146;93.158157;-1.135722;,
   1.063170;92.902496;-3.448339;,
   1.640647;92.534790;-3.132927;,
   0.000000;103.082779;0.694013;,
   0.000000;102.901573;3.889382;,
   2.350999;102.498901;0.992012;,
   3.255824;102.129158;3.970866;,
   3.632144;101.151070;0.564806;,
   2.265120;101.424812;-1.703142;,
   0.000000;103.082779;0.694013;,
   0.000000;101.867012;-2.196906;,
   -2.265120;101.424812;-1.703142;,
   -2.350998;102.498901;0.992012;,
   -3.632144;101.151070;0.564806;,
   2.043305;101.358101;6.280249;,
   3.854272;99.683060;5.624467;,
   4.638722;99.630905;3.592954;,
   4.248980;99.642044;0.931576;,
   3.403642;99.923668;-1.586515;,
   2.168833;100.045662;-2.945099;,
   0.000000;99.922195;-3.656017;,
   -2.168833;100.045654;-2.945099;,
   -3.403642;99.923676;-1.586515;,
   -3.632144;101.151070;0.564806;,
   -4.248980;99.642044;0.931576;,
   -3.724944;98.509018;-0.452357;,
   -3.419319;97.616180;-2.843001;,
   -3.699783;97.152733;-2.041595;,
   -3.348411;96.793327;-2.544283;,
   -3.612205;96.350761;-2.071178;,
   -4.126642;96.408081;-0.314809;,
   -3.724944;98.509018;-0.452357;,
   -0.000000;101.999908;6.591305;,
   0.000000;99.584633;7.859837;,
   1.936191;99.639771;7.461398;,
   2.010926;96.425407;7.391292;,
   3.780907;96.202950;5.301394;,
   4.655083;96.234650;2.907539;,
   4.698468;97.830208;2.509655;,
   4.560434;97.900108;1.656854;,
   4.361994;97.133003;0.717933;,
   3.724944;98.509010;-0.452357;,
   3.419318;97.616180;-2.843001;,
   2.198391;97.772835;-3.788602;,
   0.626918;97.372437;-4.075019;,
   0.000000;97.372818;-4.166349;,
   -0.626918;97.372429;-4.075019;,
   -2.198391;97.772835;-3.788602;,
   -0.000000;96.478455;7.878934;,
   -0.000000;94.671021;6.957490;,
   2.369233;94.672729;6.606714;,
   3.705748;94.670212;4.473065;,
   4.326941;94.887650;2.268659;,
   4.458128;93.380074;3.754548;,
   4.128786;94.262077;1.929635;,
   4.322992;92.469650;1.947654;,
   3.998885;93.082458;0.481721;,
   4.092012;94.013321;0.803540;,
   3.945598;94.628731;-0.021485;,
   4.225956;94.829910;1.055506;,
   4.676396;94.276848;1.586028;,
   4.903056;94.957291;1.712484;,
   5.652838;96.015862;2.413366;,
   4.326941;94.887650;2.268659;,
