xof 0303txt 0032
template VertexDuplicationIndices {
 <b8d65549-d7c9-4995-89cf-53a9a8b031e3>
 DWORD nIndices;
 DWORD nOriginalVertices;
 array DWORD indices[nIndices];
}

template EffectParamDWord {
 <e13963bc-ae51-4c5d-b00f-cfa3a9d97ce5>
 STRING ParamName;
 DWORD Value;
}

template FVFData {
 <b6e70a0e-8ef9-4e83-94ad-ecc8b0c04897>
 DWORD dwFVF;
 DWORD nDWords;
 array DWORD data[nDWords];
}

template EffectFloats {
 <f1cfe2b3-0de3-4e28-afa1-155a750a282d>
 DWORD nFloats;
 array FLOAT Floats[nFloats];
}

template EffectString {
 <d55b097e-bdb6-4c52-b03d-6051c89d0e42>
 STRING Value;
}

template EffectDWord {
 <622c0ed0-956e-4da9-908a-2af94f3ce716>
 DWORD Value;
}

template EffectInstance {
 <e331f7e4-0559-4cc2-8e99-1cec1657928f>
 STRING EffectFilename;
 [...]
}

template AnimTicksPerSecond {
 <9e415a43-7ba6-4a73-8743-b73d47e88476>
 DWORD AnimTicksPerSecond;
}

template VertexElement {
 <f752461c-1e23-48f6-b9f8-8350850f336f>
 DWORD Type;
 DWORD Method;
 DWORD Usage;
 DWORD UsageIndex;
}

template DeclData {
 <bf22e553-292c-4781-9fea-62bd554bdd93>
 DWORD nElements;
 array VertexElement Elements[nElements];
 DWORD nDWords;
 array DWORD data[nDWords];
}

template EffectParamFloats {
 <3014b9a0-62f5-478c-9b86-e4ac9f4e418b>
 STRING ParamName;
 DWORD nFloats;
 array FLOAT Floats[nFloats];
}

template EffectParamString {
 <1dbc4c88-94c1-46ee-9076-2c28818c9481>
 STRING ParamName;
 STRING Value;
}


AnimTicksPerSecond {
 4800;
}

Frame {
 

 FrameTransformMatrix {
  1.000000,0.000000,0.000000,0.000000,0.000000,1.000000,0.000000,0.000000,0.000000,0.000000,1.000000,0.000000,0.000000,0.000000,0.000000,1.000000;;
 }

 Frame Pelvis {
  

  FrameTransformMatrix {
   0.966255,0.165031,-0.197777,0.000000,0.215155,-0.094912,0.971957,0.000000,0.141631,-0.981711,-0.127216,0.000000,3.417378,3.460356,12.137846,1.000000;;
  }

  Frame Spine1 {
   

   FrameTransformMatrix {
    0.969804,0.062196,0.235822,0.000000,0.071058,0.852927,-0.517172,0.000000,-0.233306,0.518313,0.822752,0.000000,0.000001,4.185791,0.561305,1.000000;;
   }

   Frame Spine2 {
    

    FrameTransformMatrix {
     0.739638,-0.368414,-0.563211,0.000000,0.438780,0.898521,-0.011522,0.000000,0.510301,-0.238604,0.826233,0.000000,-0.000000,8.099068,2.277592,1.000000;;
    }

    Frame Spine3 {
     

     FrameTransformMatrix {
      1.000000,0.000000,0.000000,0.000000,0.000000,0.999999,0.000000,0.000000,0.000000,0.000000,1.000001,0.000000,0.000000,10.121536,1.677864,1.000000;;
     }

     Frame Neck {
      

      FrameTransformMatrix {
       0.598614,-0.362610,-0.714267,0.000000,0.398417,0.908337,-0.127228,0.000000,0.694930,-0.208416,0.688213,0.000000,-0.000002,5.489217,-0.371741,1.000000;;
      }

      Frame Head {
       

       FrameTransformMatrix {
        0.037775,0.751700,0.658425,0.000000,-0.262514,0.643216,-0.719275,0.000000,-0.964189,-0.145675,0.221630,0.000000,-0.041496,5.201350,-1.408580,1.000000;;
       }

       Frame Jaw {
        

        FrameTransformMatrix {
         0.979828,0.117766,0.161491,0.000000,-0.005794,0.824371,-0.566011,0.000000,-0.199785,0.553657,0.808424,0.000000,0.000001,0.560489,-2.804729,1.000000;;
        }
       }
      }
     }

     Frame left_collar {
      

      FrameTransformMatrix {
       0.634516,0.324242,0.701611,0.000000,-0.623138,0.751638,0.216186,0.000000,-0.457262,-0.574375,0.678975,0.000000,1.759840,3.732964,-2.376561,1.000000;;
      }

      Frame left_shoulder {
       

       FrameTransformMatrix {
        0.822660,-0.567510,-0.034086,0.000000,0.462401,0.633003,0.620876,0.000000,-0.330779,-0.526534,0.783168,0.000000,6.985962,-1.821892,0.000005,1.000000;;
       }

       Frame left_elbow {
        

        FrameTransformMatrix {
         -0.292781,0.000000,-0.956181,0.000000,0.000000,0.999999,0.000000,0.000000,0.956180,0.000000,-0.292780,0.000000,17.635809,0.000002,0.000034,1.000000;;
        }

        Frame left_wrist {
         

         FrameTransformMatrix {
          0.655774,-0.708767,0.260008,0.000000,0.748702,0.654792,-0.103399,0.000000,-0.096965,0.262477,0.960058,0.000000,15.735541,0.000003,0.000040,1.000000;;
         }

         Frame left_thumb1 {
          

          FrameTransformMatrix {
           0.964404,-0.160451,0.210157,0.000000,0.213787,0.940894,-0.262709,0.000000,-0.155585,0.298291,0.941717,0.000000,1.037867,-0.008162,-2.259793,1.000000;;
          }

          Frame left_thumb2 {
           

           FrameTransformMatrix {
            -0.385707,-0.000007,-0.922632,0.000000,0.909638,-0.167149,-0.380273,0.000000,-0.154213,-0.985928,0.064476,0.000000,2.121085,-0.083299,-1.403706,1.000000;;
           }
          }
         }

         Frame left_index1 {
          

          FrameTransformMatrix {
           -0.026540,0.000001,-0.999640,0.000000,0.998981,-0.036557,-0.026523,0.000000,-0.036545,-0.999339,0.000969,0.000000,4.136437,0.572731,-1.427067,1.000000;;
          }

          Frame left_index2 {
           

           FrameTransformMatrix {
            0.999046,-0.044305,0.000090,0.000000,0.043110,0.972553,0.228578,0.000000,-0.010214,-0.228352,0.973517,0.000000,-0.000002,2.407724,-0.000003,1.000000;;
           }
          }
         }

         Frame left_weapon {
          

          FrameTransformMatrix {
           0.999992,0.000000,0.000000,0.000000,0.000000,1.000001,0.000000,0.000000,0.000000,0.000000,1.000008,0.000000,3.695377,-1.278757,0.000017,1.000000;;
          }
         }
        }

        Frame left_shield {
         

         FrameTransformMatrix {
          0.999997,0.000000,0.000000,0.000000,0.000000,0.999999,0.000000,0.000000,0.000000,0.000000,1.000004,0.000000,9.887281,1.442586,0.000002,1.000000;;
         }
        }
       }
      }
     }

     Frame right_collar {
      

      FrameTransformMatrix {
       0.790893,-0.594542,0.144950,0.000000,0.609296,0.787105,-0.096037,0.000000,-0.056993,0.164273,0.984768,0.000000,-1.759840,3.732961,-2.376565,1.000000;;
      }

      Frame right_shoulder {
       

       FrameTransformMatrix {
        0.542744,0.835858,0.082288,0.000000,-0.266472,0.264278,-0.926900,0.000000,-0.796507,0.481144,0.366170,0.000000,-6.985957,-1.821892,0.000002,1.000000;;
       }

       Frame right_elbow {
        

        FrameTransformMatrix {
         0.126397,0.000000,0.991980,0.000000,-0.000000,1.000000,0.000000,0.000000,-0.991980,-0.000000,0.126397,0.000000,-17.635809,0.000002,0.000015,1.000000;;
        }

        Frame right_wrist {
         

         FrameTransformMatrix {
          0.556711,0.621449,0.551248,0.000000,0.201590,-0.744819,0.636083,0.000000,0.805877,-0.242989,-0.539928,0.000000,-15.735532,-0.000002,0.000017,1.000000;;
         }

         Frame right_thumb1 {
          

          FrameTransformMatrix {
           0.844440,0.535125,-0.023729,0.000000,-0.170814,0.227034,-0.958790,0.000000,-0.507685,0.813694,0.283123,0.000000,-1.037848,-0.008161,-2.259808,1.000000;;
          }

          Frame right_thumb2 {
           

           FrameTransformMatrix {
            -0.000394,0.129687,0.991555,0.000000,-0.895893,-0.440576,0.057267,0.000000,0.444278,-0.888295,0.116358,0.000000,-2.121090,-0.083297,-1.403705,1.000000;;
           }
          }
         }

         Frame right_index1 {
          

          FrameTransformMatrix {
           -0.026533,0.000016,0.999648,0.000000,-0.676641,-0.736094,-0.017948,0.000000,0.735834,-0.676879,0.019542,0.000000,-4.136435,0.572731,-1.427061,1.000000;;
          }

          Frame right_index2 {
           

           FrameTransformMatrix {
            0.999019,0.044280,-0.000143,0.000000,0.001246,-0.024879,0.999694,0.000000,0.044263,-0.998706,-0.024910,0.000000,0.000000,2.407724,0.000001,1.000000;;
           }
          }
         }

         Frame right_weapon {
          

          FrameTransformMatrix {
           1.000001,0.000000,0.000000,0.000000,0.000000,1.000000,0.000000,0.000000,0.000000,0.000000,1.000000,0.000000,-3.328816,-1.397080,0.119207,1.000000;;
          }
         }
        }
       }
      }
     }
    }
   }
  }

  Frame left_thigh {
   

   FrameTransformMatrix {
    0.864069,0.386299,0.322735,0.000000,-0.496063,0.544608,0.676257,0.000000,0.085473,-0.744429,0.662208,0.000000,7.090834,-6.827029,-0.160379,1.000000;;
   }

   Frame left_knee {
    

    FrameTransformMatrix {
     1.000000,0.000000,-0.000000,0.000000,-0.000000,-0.516434,-0.856327,0.000000,0.000000,0.856327,-0.516434,0.000000,0.000000,-22.829430,-1.892136,1.000000;;
    }

    Frame left_ankle {
     

     FrameTransformMatrix {
      0.963710,0.266072,0.021656,0.000000,-0.261895,0.958054,-0.116378,0.000000,-0.051713,0.106483,0.992969,0.000000,0.000001,-22.209206,1.270802,1.000000;;
     }

     Frame left_ball {
      

      FrameTransformMatrix {
       1.000000,0.000000,0.000000,0.000000,0.000000,1.000001,0.000000,0.000000,0.000000,0.000000,1.000000,0.000000,0.000001,-3.209310,-8.003258,1.000000;;
      }
     }
    }
   }
  }

  Frame right_thigh {
   

   FrameTransformMatrix {
    0.030015,-0.065673,-0.997390,0.000000,-0.162956,0.984168,-0.069707,0.000000,0.986177,0.164623,0.018838,0.000000,-6.893533,-6.827024,-0.160379,1.000000;;
   }

   Frame right_knee {
    

    FrameTransformMatrix {
     1.000000,0.000000,-0.000000,0.000000,-0.000000,0.834858,-0.550465,0.000000,0.000000,0.550465,0.834858,0.000000,-0.000001,-22.829468,-1.892136,1.000000;;
    }

    Frame right_ankle {
     

     FrameTransformMatrix {
      0.860767,-0.029180,-0.508161,0.000000,-0.170223,0.924369,-0.341418,0.000000,0.479691,0.380382,0.790701,0.000000,-0.000001,-22.209154,1.270800,1.000000;;
     }

     Frame right_ball {
      

      FrameTransformMatrix {
       0.999998,0.000000,0.000000,0.000000,0.000000,0.999124,0.041863,0.000000,0.000000,-0.041863,0.999124,0.000000,-0.000000,-3.209311,-8.003257,1.000000;;
      }
     }
    }
   }
  }
 }

 Frame A_skeleton_mat {
  

  FrameTransformMatrix {
   1.000000,0.000000,0.000000,0.000000,0.000000,1.000000,0.000000,0.000000,0.000000,0.000000,1.000000,0.000000,0.000000,0.000000,0.000000,1.000000;;
  }

  Mesh A_skeleton_mat {
   949;
   2.652361;66.851822;3.835764;,
   0.777611;66.851822;4.360293;,
   0.777611;65.829422;3.472601;,
   -7.896833;72.884956;2.402849;,
   -8.909024;71.782463;2.403753;,
   -3.224406;72.938972;6.162039;,
   -6.430354;72.921234;-2.989318;,
   -6.846387;71.981140;-3.646237;,
   -7.934285;70.669952;2.164522;,
   -3.224406;72.938972;6.162039;,
   -6.922083;71.772446;2.163619;,
   -5.655821;72.117249;-2.549585;,
   -0.897770;74.837784;-4.817144;,
   -0.935745;74.224670;-5.418262;,
   -6.071862;71.177139;-3.206511;,
   -2.825871;74.253922;4.967287;,
   -2.442079;72.888390;3.816726;,
   -2.840618;71.573441;5.011494;,
   -0.614527;73.209656;6.862612;,
   -0.614527;74.524620;5.631438;,
   -0.614527;73.159073;4.445803;,
   -0.614527;71.844124;5.676993;,
   -0.756878;73.609924;-4.965918;,
   -0.718899;74.223030;-4.364796;,
   8.450342;75.356735;2.403753;,
   6.525225;75.712898;-2.494280;,
   6.136928;76.653015;-1.837362;,
   1.409568;77.066628;-4.266305;,
   1.354591;77.679741;-3.665188;,
   5.414035;75.849030;-1.397629;,
   6.595872;75.346725;2.163619;,
   7.505634;76.459236;2.402849;,
   8.450342;75.356735;2.403753;,
   5.802338;74.908905;-2.054554;,
   1.150625;76.451881;-3.813962;,
   1.095648;77.064987;-3.212840;,
   1.150625;76.451881;-3.813962;,
   7.540591;74.244232;2.164522;,
   2.759423;75.147705;5.011494;,
   2.387456;76.462654;3.816726;,
   2.745660;77.828217;4.967287;,
   3.117625;76.513237;6.162039;,
   0.613673;75.147705;5.676993;,
   0.613673;76.462654;4.445803;,
   0.613673;77.828217;5.631438;,
   0.613673;76.513237;6.862612;,
   5.394952;68.735107;-3.106529;,
   2.241568;70.544746;-4.904565;,
   2.179639;69.905861;-5.482473;,
   2.656324;71.044884;-5.383173;,
   2.594396;70.406029;-5.961076;,
   2.179639;69.905861;-5.482473;,
   5.569056;67.699272;-3.731051;,
   6.252121;69.328377;-3.584639;,
   6.426214;68.292557;-4.209154;,
   7.387052;66.978149;0.981127;,
   6.566620;68.175705;0.954531;,
   7.595407;69.190903;1.137667;,
   8.415828;67.993340;1.164264;,
   2.759423;68.004883;3.797333;,
   2.387456;69.319839;2.602564;,
   2.745660;70.685394;3.753124;,
   3.117625;69.370430;4.947878;,
   0.613673;68.004883;4.462831;,
   0.613673;69.319839;3.231641;,
   0.613673;70.685394;4.417276;,
   0.613673;69.370430;5.648451;,
   4.564124;65.928299;-1.941973;,
   5.259255;66.176498;-2.380736;,
   3.642346;67.298492;-3.883568;,
   3.513088;66.753738;-4.207538;,
   3.130464;67.106522;-3.459032;,
   4.564124;65.928299;-1.941973;,
   5.247520;65.310638;-2.676122;,
   4.552397;65.062439;-2.237370;,
   3.001211;66.561775;-3.783006;,
   6.182362;66.272186;0.888595;,
   6.642130;65.309685;1.098018;,
   5.754350;64.676155;1.117445;,
   5.294578;65.638664;0.908022;,
   2.373865;67.836357;2.941236;,
   2.384170;65.829422;2.974332;,
   2.105671;66.813950;2.079790;,
   0.777611;66.813950;2.550788;,
   0.777611;65.829422;3.472601;,
   0.777611;67.836357;3.438493;,
   0.777611;66.851822;4.360293;,
   0.777611;66.813950;2.550788;,
   -0.485149;79.234207;7.429314;,
   -2.816217;79.234207;6.777112;,
   -0.485149;77.962952;6.325555;,
   -0.485149;80.458382;6.283145;,
   -2.469935;80.458382;5.664849;,
   -6.244405;79.242470;3.713066;,
   -7.123885;78.223709;3.825600;,
   -2.482749;77.962952;5.706005;,
   -0.485149;79.187111;5.179371;,
   -2.136463;79.187111;4.593729;,
   -5.397456;78.184532;3.604695;,
   -4.345770;79.324112;0.081743;,
   -4.851140;80.180222;-0.424499;,
   -5.375922;79.355827;-0.950188;,
   -6.276947;77.165771;3.717230;,
   -4.870558;78.499718;-0.443951;,
   -1.185210;79.315430;-2.566648;,
   -0.906049;79.974098;-2.191629;,
   -1.350681;80.497849;-2.552771;,
   -1.629837;79.839188;-2.927785;,
   -0.614527;76.513237;6.862612;,
   -3.118479;76.513237;6.162039;,
   -0.614527;75.147705;5.676993;,
   -0.614527;77.828217;5.631438;,
   -2.746514;77.828217;4.967287;,
   -7.506489;76.459236;2.402849;,
   -8.451197;75.356735;2.403753;,
   -2.760278;75.147705;5.011494;,
   -0.614527;76.462654;4.445803;,
   -2.388310;76.462654;3.816726;,
   -6.596727;75.346725;2.163619;,
   -6.137782;76.653015;-1.837362;,
   -6.526079;75.712898;-2.494280;,
   -7.541445;74.244232;2.164522;,
   -5.803193;74.908905;-2.054554;,
   -5.414889;75.849030;-1.397629;,
   -1.355445;77.679741;-3.665188;,
   -1.410421;77.066628;-4.266305;,
   -1.151479;76.451881;-3.813962;,
   -1.096502;77.064987;-3.212840;,
   -0.614527;69.370430;5.648451;,
   -3.118479;69.370430;4.947878;,
   -0.614527;68.004883;4.462831;,
   -0.614527;70.685394;4.417276;,
   -2.746514;70.685394;3.753124;,
   -7.596261;69.190903;1.137667;,
   -8.416682;67.993340;1.164264;,
   -2.760278;68.004883;3.797333;,
   -0.614527;69.319839;3.231641;,
   -2.388310;69.319839;2.602564;,
   -6.567474;68.175705;0.954531;,
   -6.252976;69.328377;-3.584639;,
   -6.427068;68.292557;-4.209154;,
   -7.387906;66.978149;0.981127;,
   -5.569910;67.699272;-3.731051;,
   -5.395807;68.735107;-3.106529;,
   -2.657178;71.044884;-5.383173;,
   -2.595250;70.406029;-5.961076;,
   -2.180493;69.905861;-5.482473;,
   -2.242422;70.544746;-4.904565;,
   -0.778466;66.851822;4.360293;,
   -2.653215;66.851822;3.835764;,
   -0.778466;65.829422;3.472601;,
   -0.778466;67.836357;3.438493;,
   -2.374719;67.836357;2.941236;,
   -6.183216;66.272186;0.888595;,
   -6.642984;65.309685;1.098018;,
   -5.755204;64.676155;1.117445;,
   -2.385025;65.829422;2.974332;,
   -0.778466;66.813950;2.550788;,
   -2.106525;66.813950;2.079790;,
   -5.295432;65.638664;0.908022;,
   -4.564978;65.928299;-1.941973;,
   -5.260109;66.176498;-2.380736;,
   -5.248374;65.310638;-2.676122;,
   -4.553251;65.062439;-2.237370;,
   -3.002065;66.561775;-3.783006;,
   -3.131318;67.106522;-3.459032;,
   -3.643200;67.298492;-3.883568;,
   -3.513943;66.753738;-4.207538;,
   2.815363;79.234207;6.777112;,
   0.484295;79.234207;7.429314;,
   0.484295;77.962952;6.325555;,
   0.484295;80.458382;6.283145;,
   2.469081;80.458382;5.664849;,
   0.484295;79.187111;5.179371;,
   2.481895;77.962952;5.706005;,
   7.123031;78.223709;3.825600;,
   6.243550;79.242470;3.713066;,
   2.135609;79.187111;4.593729;,
   5.396602;78.184532;3.604695;,
   4.344916;79.324112;0.081743;,
   4.869704;78.499718;-0.443951;,
   6.276093;77.165771;3.717230;,
   5.375067;79.355827;-0.950188;,
   4.850286;80.180222;-0.424499;,
   1.349827;80.497849;-2.552771;,
   0.905194;79.974098;-2.191629;,
   1.184356;79.315430;-2.566648;,
   1.628983;79.839188;-2.927785;,
   3.223552;72.938972;6.162039;,
   0.613673;73.209656;6.862612;,
   0.613673;71.844124;5.676993;,
   2.825017;74.253922;4.967287;,
   0.613673;74.524620;5.631438;,
   0.613673;73.159073;4.445803;,
   2.839764;71.573441;5.011494;,
   7.933431;70.669952;2.164522;,
   8.908170;71.782463;2.403753;,
   7.895979;72.884956;2.402849;,
   2.441225;72.888390;3.816726;,
   6.921229;71.772446;2.163619;,
   5.654967;72.117249;-2.549585;,
   6.071008;71.177139;-3.206511;,
   6.845533;71.981140;-3.646237;,
   6.429500;72.921234;-2.989318;,
   0.896916;74.837784;-4.817144;,
   0.718045;74.223030;-4.364796;,
   0.756024;73.609924;-4.965918;,
   0.934891;74.224670;-5.418262;,
   -1.060580;72.244537;-5.042936;,
   -0.873024;73.143730;-5.799878;,
   -0.539228;71.979904;-6.011957;,
   -1.614438;75.058113;-4.658130;,
   -1.328897;75.459534;-5.483153;,
   0.872169;73.143730;-5.799878;,
   0.538374;71.979904;-6.011957;,
   -0.655038;70.830566;-5.300596;,
   1.059726;72.244537;-5.042936;,
   1.613584;75.058113;-4.658130;,
   0.654184;70.830566;-5.300596;,
   1.328044;75.459534;-5.483153;,
   1.613584;78.043587;-3.443408;,
   -1.614438;78.028549;-3.057030;,
   -1.328897;78.358780;-4.025881;,
   1.328044;78.358780;-4.025881;,
   1.328044;80.065971;-3.378677;,
   1.613584;80.654663;-1.557282;,
   -1.614438;80.654663;-1.557282;,
   -1.328897;80.065971;-3.378677;,
   -0.000408;87.253517;-2.882836;,
   -0.000408;86.878906;-3.840287;,
   1.827413;87.253517;-2.882837;,
   -0.000408;90.351074;5.902779;,
   -0.000408;90.959526;3.524203;,
   3.466013;90.959526;3.524203;,
   -0.000408;89.839371;0.198192;,
   4.255470;89.839371;0.198191;,
   3.502021;89.175690;-2.007333;,
   -0.000408;89.175690;-2.007330;,
   1.950917;88.605751;-2.957715;,
   -0.000408;88.605751;-2.957713;,
   -0.000408;87.253517;-2.882836;,
   -0.000408;90.351074;5.902779;,
   -3.466837;90.959526;3.524202;,
   -0.000408;90.959526;3.524203;,
   -0.000408;89.839371;0.198192;,
   -4.256287;89.839371;0.198191;,
   -3.502836;89.175690;-2.007330;,
   -0.000408;89.175690;-2.007330;,
   -1.951742;88.605736;-2.957712;,
   -0.000408;88.605751;-2.957713;,
   -1.828238;87.253517;-2.882837;,
   -0.000408;87.253517;-2.882836;,
   -0.000408;88.180069;-4.131824;,
   -0.000408;88.664810;-3.991483;,
   0.684388;88.664810;-3.991482;,
   -0.685204;88.664810;-3.991482;,
   -0.000408;89.617813;-4.853388;,
   0.684388;88.664810;-3.991482;,
   1.827413;87.253517;-2.882837;,
   -0.000408;86.878906;-3.840287;,
   1.950917;88.605751;-2.957715;,
   1.919122;89.173309;-3.363035;,
   3.040803;90.423637;-2.737737;,
   3.502021;89.175690;-2.007333;,
   -0.685204;88.664810;-3.991482;,
   -1.828238;87.253517;-2.882837;,
   -1.951742;88.605736;-2.957712;,
   -1.919947;89.173309;-3.363034;,
   -0.942390;90.073257;-3.693783;,
   -0.000408;90.332680;-4.274123;,
   0.941566;90.073257;-3.693784;,
   1.887336;89.740906;-3.166562;,
   -3.041628;90.423637;-2.737736;,
   -1.888152;89.740906;-3.166562;,
   -1.641484;91.358940;-1.223899;,
   -0.798019;90.424362;-3.756537;,
   -3.502836;89.175690;-2.007330;,
   -3.994759;90.751801;0.866971;,
   -3.084155;91.148422;-2.915308;,
   -4.256287;89.839371;0.198191;,
   -3.466837;90.959526;3.524202;,
   -4.320456;92.989632;0.810285;,
   -3.125882;92.326797;-2.949448;,
   -1.906815;91.154366;-4.442033;,
   -2.055519;90.778656;-4.087698;,
   -0.854843;90.385475;-4.001599;,
   -3.094316;93.313202;4.081297;,
   -2.721796;96.056412;3.787557;,
   -3.668280;96.043938;0.732194;,
   -2.630359;95.417961;-2.560956;,
   -1.794119;91.842873;-4.263354;,
   -0.000408;90.351074;5.902779;,
   -0.000408;92.524719;6.515520;,
   -0.000408;95.087875;6.277426;,
   -0.000408;97.102982;4.775864;,
   -0.000408;97.606384;1.536822;,
   3.093492;93.313202;4.081297;,
   2.720980;96.056412;3.787558;,
   3.667456;96.043938;0.732195;,
   2.629543;95.417976;-2.560958;,
   -0.000408;96.843040;-1.722958;,
   3.466013;90.959526;3.524203;,
   4.319639;92.989632;0.810285;,
   3.125057;92.326797;-2.949448;,
   1.793303;91.842873;-4.263355;,
   -0.000408;93.461708;-4.168506;,
   -0.000408;94.989731;-3.518366;,
   3.993935;90.751801;0.866971;,
   3.083339;91.148422;-2.915307;,
   1.905999;91.154366;-4.442034;,
   -0.000408;91.284149;-4.247265;,
   4.255470;89.839371;0.198191;,
   1.640668;91.358940;-1.223899;,
   2.054703;90.778656;-4.087698;,
   0.797203;90.424362;-3.756537;,
   0.854027;90.385452;-4.001598;,
   3.770925;89.610336;0.449946;,
   3.496769;87.868622;0.331318;,
   2.752757;89.211502;-1.469475;,
   2.547366;87.815300;-1.456001;,
   3.496770;86.421410;-0.132997;,
   1.910484;87.301315;-2.695291;,
   1.800095;85.375984;-2.724412;,
   -0.000408;85.703468;-3.813163;,
   -0.000408;86.879234;-3.625107;,
   -1.911309;87.301315;-2.695291;,
   -1.800919;85.375984;-2.724411;,
   -3.497595;86.421402;-0.132995;,
   -2.548192;87.815300;-1.455998;,
   -0.000408;84.863159;-3.360108;,
   -3.497595;87.868622;0.331321;,
   -2.753574;89.211494;-1.469473;,
   -3.771741;89.610329;0.449948;,
   3.770926;89.610336;0.449948;,
   2.752758;89.211502;-1.469475;,
   3.496769;87.868622;0.331320;,
   2.547366;87.815300;-1.456000;,
   3.496769;86.421410;-0.132996;,
   1.910484;87.301315;-2.695291;,
   1.800095;85.375984;-2.724412;,
   -0.000407;85.703468;-3.813163;,
   -0.000408;84.863159;-3.360107;,
   -1.800919;85.375984;-2.724411;,
   -1.911309;87.301315;-2.695291;,
   -3.497594;86.421410;-0.132996;,
   -0.000408;86.879234;-3.625107;,
   -2.548190;87.815300;-1.455999;,
   -3.497594;87.868622;0.331320;,
   -2.753574;89.211502;-1.469474;,
   -3.771742;89.610336;0.449948;,
   10.635761;82.790649;3.081688;,
   5.365186;82.837166;6.510400;,
   10.318524;82.041405;3.350993;,
   5.156535;78.720413;6.829032;,
   7.738920;78.605934;4.749040;,
   5.145300;73.390488;5.123448;,
   4.038096;73.906136;6.425644;,
   3.288748;77.927216;7.534016;,
   3.306731;81.611847;7.008552;,
   10.179965;82.436905;2.759735;,
   10.458343;82.156609;1.924392;,
   5.033448;81.921837;-0.543744;,
   4.590579;82.263245;0.278722;,
   2.333463;81.173523;-2.635123;,
   2.467163;80.832764;-3.656022;,
   0.884954;80.914757;-3.874180;,
   0.884954;81.317368;-2.791446;,
   0.884954;79.719788;-3.152357;,
   2.333463;81.173523;-2.635123;,
   4.756176;80.785431;-0.001629;,
   2.566787;79.676498;-2.982338;,
   10.301903;81.078835;2.453616;,
   10.458343;82.156609;1.924392;,
   4.756176;80.785431;-0.001629;,
   4.590579;82.263245;0.278722;,
   2.566787;79.676498;-2.982338;,
   10.635761;82.790657;3.081688;,
   10.318523;82.041412;3.350992;,
   5.365186;82.837173;6.510400;,
   5.156535;78.720421;6.829032;,
   3.288748;77.927216;7.534016;,
   3.306731;81.611839;7.008551;,
   7.738920;78.605934;4.749040;,
   5.145300;73.390488;5.123449;,
   4.038095;73.906136;6.425644;,
   16.016554;79.267387;3.338454;,
   10.125311;79.250351;3.081164;,
   16.365076;80.325478;2.075444;,
   10.422701;80.774628;4.883785;,
   9.016582;80.850883;4.858776;,
   8.480404;81.549896;3.410216;,
   8.939257;80.794792;1.701366;,
   10.163982;80.784058;1.485542;,
   23.077002;79.543739;1.742607;,
   22.214428;78.341476;3.412885;,
   16.557081;80.322090;4.515024;,
   11.294548;82.222954;2.939830;,
   9.277769;83.094536;3.286614;,
   17.215256;81.376602;3.120048;,
   24.144802;80.822830;2.989445;,
   25.761639;79.340012;1.375220;,
   26.269623;77.607979;3.347238;,
   23.314716;79.544449;4.652627;,
   25.494070;79.447807;4.737900;,
   26.539165;81.499168;3.069730;,
   33.632107;81.932343;2.512286;,
   33.889156;82.029472;1.483597;,
   27.406836;82.010040;3.145931;,
   40.835045;81.595520;1.929793;,
   40.930584;81.076431;0.533045;,
   33.819675;80.893059;1.163558;,
   26.608986;81.131874;2.088079;,
   26.247494;81.132698;4.344892;,
   33.646736;80.811386;2.220547;,
   40.590939;80.047569;2.110101;,
   42.236576;81.467606;2.507059;,
   42.384846;80.821442;0.803657;,
   26.714243;82.191940;3.335090;,
   26.324121;80.109268;3.173525;,
   40.667774;79.529823;0.708946;,
   41.764977;79.034615;0.879918;,
   41.616703;79.680801;2.583321;,
   39.706905;79.297020;4.832561;,
   41.845776;81.051361;3.843883;,
   39.788876;80.149994;4.009089;,
   42.008579;80.295013;4.571077;,
   41.993465;80.389961;3.017416;,
   39.690018;79.403107;3.095793;,
   33.912018;78.332710;4.601188;,
   33.924080;77.517311;3.526672;,
   39.407234;78.631401;3.932629;,
   41.673573;79.644150;3.765429;,
   34.203239;79.588074;3.481231;,
   29.530827;79.906120;3.227568;,
   29.621572;79.035980;4.569740;,
   33.862404;78.299324;2.434329;,
   29.566645;79.198547;1.795220;,
   26.337881;79.144234;1.958315;,
   26.727898;79.883087;3.254726;,
   26.003555;79.107742;4.759504;,
   29.138102;78.004150;3.146880;,
   27.754253;77.934662;3.132479;,
   26.674274;76.898300;3.233381;,
   -10.636592;82.790657;3.081686;,
   -10.319355;82.041405;3.350991;,
   -5.366019;82.837173;6.510403;,
   -5.157368;78.720421;6.829033;,
   -3.289581;77.927216;7.534019;,
   -3.307556;81.611839;7.008558;,
   -7.739746;78.605934;4.749040;,
   -5.146133;73.390488;5.123450;,
   -4.038928;73.906136;6.425645;,
   -10.636593;82.790657;3.081687;,
   -5.366019;82.837173;6.510400;,
   -10.319356;82.041412;3.350992;,
   -5.157368;78.720421;6.829032;,
   -7.739745;78.605934;4.749039;,
   -5.146133;73.390488;5.123448;,
   -4.038929;73.906136;6.425644;,
   -3.289581;77.927216;7.534016;,
   -3.307555;81.611839;7.008552;,
   -2.567607;79.676498;-2.982338;,
   -4.591399;82.263237;0.278725;,
   -4.756996;80.785423;-0.001628;,
   -2.334284;81.173523;-2.635125;,
   -0.885774;79.719788;-3.152356;,
   -0.885774;81.317360;-2.791446;,
   -0.885774;80.914749;-3.874181;,
   -2.334284;81.173523;-2.635125;,
   -2.467983;80.832771;-3.656022;,
   -5.034267;81.921844;-0.543746;,
   -4.591399;82.263237;0.278725;,
   -10.180776;82.436905;2.759735;,
   -2.567607;79.676498;-2.982338;,
   -4.756996;80.785423;-0.001628;,
   -10.302713;81.078827;2.453615;,
   -10.459153;82.156624;1.924387;,
   -16.017368;79.267387;3.338458;,
   -16.365891;80.325478;2.075443;,
   -10.126143;79.250351;3.081166;,
   -23.077818;79.543739;1.742605;,
   -17.216070;81.376602;3.120046;,
   -11.295363;82.222954;2.939834;,
   -10.164797;80.784058;1.485541;,
   -10.423515;80.774628;4.883789;,
   -16.557903;80.322090;4.515028;,
   -22.215246;78.341476;3.412884;,
   -25.762466;79.340012;1.375217;,
   -24.145626;80.822830;2.989443;,
   -9.017414;80.850883;4.858778;,
   -9.278584;83.094536;3.286614;,
   -23.315548;79.544434;4.652624;,
   -26.270439;77.607979;3.347235;,
   -8.481220;81.549896;3.410216;,
   -8.940071;80.794792;1.701366;,
   -25.494879;79.447807;4.737900;,
   -26.539984;81.499168;3.069731;,
   -33.632931;81.932335;2.512285;,
   -27.407667;82.010033;3.145934;,
   -33.889984;82.029472;1.483596;,
   -26.248322;81.132690;4.344892;,
   -26.715069;82.191925;3.335093;,
   -26.609812;81.131874;2.088081;,
   -40.835880;81.595520;1.929792;,
   -40.591766;80.047546;2.110106;,
   -33.647568;80.811378;2.220546;,
   -26.324965;80.109268;3.173526;,
   -40.931416;81.076431;0.533045;,
   -42.385670;80.821449;0.803655;,
   -42.237419;81.467606;2.507058;,
   -33.820503;80.893059;1.163559;,
   -40.668594;79.529800;0.708948;,
   -41.765785;79.034592;0.879923;,
   -41.617516;79.680779;2.583327;,
   -39.707718;79.297020;4.832561;,
   -39.789692;80.149994;4.009089;,
   -41.846592;81.051361;3.843883;,
   -33.912849;78.332710;4.601187;,
   -34.204063;79.588074;3.481234;,
   -39.690834;79.403107;3.095794;,
   -42.009399;80.295013;4.571076;,
   -39.408047;78.631401;3.932630;,
   -33.924900;77.517311;3.526673;,
   -29.622395;79.035980;4.569740;,
   -29.531654;79.906120;3.227568;,
   -41.994282;80.389961;3.017417;,
   -41.674389;79.644150;3.765430;,
   -33.863235;78.299324;2.434329;,
   -29.567467;79.198547;1.795219;,
   -29.138929;78.004150;3.146881;,
   -26.338709;79.144226;1.958315;,
   -27.755075;77.934662;3.132478;,
   -26.004383;79.107742;4.759504;,
   -26.728729;79.883087;3.254728;,
   -26.675095;76.898300;3.233381;,
   8.222354;51.843239;1.858633;,
   6.283916;51.411781;1.575302;,
   6.228629;49.651207;3.145979;,
   7.294710;49.844761;-0.648206;,
   4.739883;51.596210;-0.640573;,
   4.090375;52.320076;1.061638;,
   9.787472;49.719799;2.056057;,
   8.789755;42.000664;1.066491;,
   7.359727;42.232452;-1.108867;,
   5.768324;49.225929;0.584151;,
   6.083091;42.679893;1.961961;,
   6.702619;29.120703;0.645121;,
   8.978781;29.591803;-1.014765;,
   7.454218;29.898952;-3.140806;,
   5.953669;42.659042;-0.213357;,
   5.208445;30.396372;-1.691289;,
   4.237466;26.349497;-2.040103;,
   6.743403;26.706846;1.680332;,
   9.673304;26.308722;-1.613055;,
   3.756268;51.464779;1.935802;,
   4.069374;50.973759;0.154155;,
   7.048035;27.076084;-3.623859;,
   8.239477;25.062717;-3.822085;,
   4.983955;27.973742;-4.327246;,
   8.247775;27.965443;-4.196693;,
   4.977793;25.044827;-3.895398;,
   4.983955;27.973742;-4.327246;,
   8.239477;25.062717;-3.822085;,
   8.239477;25.062719;-3.822085;,
   8.247774;27.965446;-4.196693;,
   4.983955;27.973747;-4.327247;,
   4.977794;25.044827;-3.895399;,
   8.239477;25.062719;-3.822085;,
   4.983955;27.973747;-4.327247;,
   9.533194;17.527493;0.253862;,
   6.415066;4.017307;2.366266;,
   8.855861;5.094807;0.977720;,
   9.422544;3.500423;1.104350;,
   6.984918;4.047884;0.045677;,
   8.855861;5.094807;0.977720;,
   9.422544;3.500423;1.104350;,
   8.465591;17.527502;-0.192988;,
   9.533194;17.527493;0.253862;,
   9.934505;25.587563;1.084366;,
   8.116693;25.023455;0.088423;,
   9.533194;17.527493;0.253863;,
   8.855861;5.094807;0.977720;,
   6.415066;4.017307;2.366266;,
   9.422544;3.500423;1.104350;,
   6.984918;4.047884;0.045677;,
   9.422544;3.500423;1.104350;,
   8.855861;5.094807;0.977720;,
   8.465591;17.527502;-0.192988;,
   9.533194;17.527493;0.253863;,
   9.934505;25.587563;1.084366;,
   8.116693;25.023453;0.088423;,
   5.236386;3.481607;0.030512;,
   7.144736;3.637421;-0.312325;,
   6.501781;3.624521;1.765553;,
   6.283468;12.833700;-1.776443;,
   7.292060;11.871885;0.217580;,
   7.997133;4.995397;0.711412;,
   4.669768;13.571251;-0.491373;,
   7.105102;23.983751;-2.537253;,
   8.065310;23.684813;-0.501737;,
   6.860766;23.983675;1.276440;,
   5.678368;12.822398;1.502659;,
   5.285850;23.301390;-0.759132;,
   7.161561;26.468731;-4.006147;,
   9.941810;25.803726;-1.342110;,
   4.061725;25.803764;-1.682487;,
   6.779307;26.468618;1.959998;,
   -8.223217;51.843201;1.858684;,
   -6.229451;49.651184;3.145981;,
   -6.284776;51.411777;1.575332;,
   -9.788302;49.719730;2.056086;,
   -8.790478;42.000633;1.066393;,
   -6.083817;42.679886;1.961854;,
   -5.769157;49.225945;0.584143;,
   -3.757124;51.464802;1.935816;,
   -4.091242;52.320110;1.061667;,
   -7.295552;49.844784;-0.648192;,
   -7.360477;42.232483;-1.108972;,
   -8.979335;29.591799;-1.015054;,
   -6.703146;29.120707;0.644809;,
   -4.740760;51.596272;-0.640551;,
   -5.954411;42.659069;-0.213465;,
   -7.454783;29.899002;-3.141102;,
   -9.673814;26.308714;-1.613392;,
   -6.743896;26.706837;1.679982;,
   -4.070235;50.973816;0.154163;,
   -5.209015;30.396433;-1.691593;,
   -7.048571;27.076149;-3.624202;,
   -4.237972;26.349579;-2.040477;,
   -8.239979;25.062778;-3.822457;,
   -8.248322;27.965517;-4.197007;,
   -4.984504;27.973862;-4.327584;,
   -4.978287;25.044937;-3.895793;,
   -8.239979;25.062778;-3.822457;,
   -4.984504;27.973862;-4.327584;,
   -8.239980;25.062780;-3.822457;,
   -4.984505;27.973864;-4.327584;,
   -8.248323;27.965519;-4.197008;,
   -4.978288;25.044939;-3.895793;,
   -4.984505;27.973864;-4.327584;,
   -8.239980;25.062780;-3.822457;,
   -9.533561;17.527454;0.253353;,
   -8.856030;5.094767;0.976964;,
   -6.415211;4.017276;2.365473;,
   -9.422689;3.500372;1.103568;,
   -6.985087;4.047889;0.044888;,
   -9.422689;3.500372;1.103568;,
   -8.856030;5.094767;0.976964;,
   -8.465961;17.527491;-0.193505;,
   -9.533561;17.527454;0.253353;,
   -9.934978;25.587505;1.084016;,
   -8.117162;25.023439;0.088051;,
   -9.533561;17.527454;0.253354;,
   -6.415210;4.017275;2.365473;,
   -8.856030;5.094766;0.976964;,
   -9.422689;3.500372;1.103568;,
   -6.985087;4.047889;0.044888;,
   -8.856030;5.094766;0.976964;,
   -9.422689;3.500372;1.103568;,
   -8.465961;17.527491;-0.193505;,
   -9.533561;17.527454;0.253354;,
   -9.934978;25.587505;1.084016;,
   -8.117163;25.023439;0.088050;,
   -5.236547;3.481637;0.029699;,
   -6.501931;3.624501;1.764752;,
   -7.144893;3.637432;-0.313121;,
   -4.670082;13.571301;-0.491993;,
   -5.678657;12.822395;1.502032;,
   -7.997321;4.995375;0.710649;,
   -6.283780;12.833751;-1.777066;,
   -7.105575;23.983807;-2.537653;,
   -5.286310;23.301434;-0.759558;,
   -6.861222;23.983658;1.276038;,
   -7.292345;11.871883;0.216946;,
   -8.065764;23.684813;-0.502137;,
   -9.942309;25.803719;-1.342455;,
   -7.162082;26.468815;-4.006499;,
   -4.062228;25.803848;-1.682874;,
   -6.779795;26.468588;1.959643;,
   46.306438;80.800735;0.045109;,
   46.484665;81.162971;2.430180;,
   42.398529;80.692230;0.673263;,
   41.998367;81.327309;2.944326;,
   46.434288;80.385002;4.652914;,
   42.382412;80.641708;4.342443;,
   46.306438;80.800735;0.045109;,
   42.398529;80.692230;0.673263;,
   46.476402;82.019577;2.505457;,
   41.998367;81.327309;2.944326;,
   46.434288;80.385002;4.652914;,
   42.382412;80.641708;4.342443;,
   46.382393;79.402382;-1.282483;,
   48.194977;79.974792;-1.338615;,
   48.038486;78.870483;-1.616124;,
   46.527718;80.514816;-0.979597;,
   45.016518;79.567963;-0.578409;,
   45.158058;80.722481;-0.245070;,
   43.291470;79.783562;0.703372;,
   43.376625;80.772644;1.073913;,
   46.382404;79.402390;-1.282482;,
   48.038490;78.870491;-1.616123;,
   48.194981;79.974792;-1.338613;,
   46.527718;80.514824;-0.979596;,
   45.016518;79.567970;-0.578409;,
   45.158058;80.722488;-0.245070;,
   43.291473;79.783569;0.703373;,
   43.376629;80.772652;1.073913;,
   46.484665;81.162971;2.430180;,
   46.306438;80.800735;0.045109;,
   49.202385;80.680061;-0.419403;,
   49.179874;81.065491;2.468994;,
   46.434288;80.385002;4.652914;,
   48.260345;80.079338;4.923145;,
   51.597984;80.650917;2.415772;,
   52.244949;79.839340;-0.617941;,
   46.476402;82.019577;2.505457;,
   49.202385;80.680061;-0.419403;,
   46.306438;80.800735;0.045109;,
   49.341892;81.897537;2.613903;,
   52.244949;79.839340;-0.617941;,
   51.597984;80.650917;2.415772;,
   48.260345;80.079338;4.923145;,
   46.434288;80.385002;4.652914;,
   -46.307259;80.800720;0.045109;,
   -42.399349;80.692207;0.673262;,
   -46.485500;81.162956;2.430180;,
   -41.999184;81.327309;2.944328;,
   -46.435101;80.385002;4.652915;,
   -42.383247;80.641693;4.342445;,
   -46.307259;80.800720;0.045109;,
   -46.477230;82.019554;2.505456;,
   -42.399349;80.692207;0.673262;,
   -41.999184;81.327309;2.944328;,
   -46.435101;80.385002;4.652915;,
   -42.383247;80.641693;4.342445;,
   -46.383236;79.402382;-1.282485;,
   -48.039303;78.870491;-1.616126;,
   -48.195801;79.974792;-1.338615;,
   -46.528545;80.514816;-0.979599;,
   -45.017342;79.567970;-0.578413;,
   -45.158894;80.722496;-0.245073;,
   -43.292305;79.783577;0.703370;,
   -43.377460;80.772659;1.073911;,
   -46.383236;79.402390;-1.282483;,
   -48.195801;79.974792;-1.338613;,
   -48.039307;78.870491;-1.616124;,
   -46.528545;80.514824;-0.979596;,
   -45.017342;79.567970;-0.578410;,
   -45.158890;80.722488;-0.245070;,
   -43.292297;79.783569;0.703372;,
   -43.377457;80.772652;1.073912;,
   -46.485500;81.162956;2.430180;,
   -49.203205;80.680061;-0.419404;,
   -46.307259;80.800720;0.045109;,
   -49.180702;81.065475;2.468993;,
   -52.245770;79.839325;-0.617938;,
   -51.598804;80.650887;2.415773;,
   -48.261158;80.079338;4.923144;,
   -46.435101;80.385002;4.652915;,
   -46.477230;82.019554;2.505456;,
   -46.307259;80.800720;0.045109;,
   -49.203205;80.680061;-0.419404;,
   -49.342705;81.897522;2.613902;,
   -46.435101;80.385002;4.652915;,
   -48.261158;80.079338;4.923144;,
   -51.598804;80.650887;2.415773;,
   -52.245770;79.839325;-0.617938;,
   7.811838;-0.000180;-13.524260;,
   9.553209;-0.000168;-12.183555;,
   5.546909;-0.000171;-12.507285;,
   4.630246;-0.000132;-8.082150;,
   11.122516;-0.000121;-7.568617;,
   9.182118;1.589379;-1.347870;,
   5.102560;1.603379;-2.040805;,
   5.418827;1.710230;0.705818;,
   8.866482;1.710245;1.212736;,
   4.918215;0.000169;3.036590;,
   9.180332;0.000170;3.077167;,
   7.279541;0.813561;5.244647;,
   9.182118;1.589379;-1.347870;,
   11.122516;-0.000121;-7.568617;,
   7.363838;3.545646;-1.576631;,
   7.542285;1.824389;-7.793594;,
   4.630246;-0.000132;-8.082150;,
   5.102560;1.603379;-2.040805;,
   7.341004;3.293302;0.897934;,
   8.866482;1.710245;1.212736;,
   9.553209;-0.000168;-12.183555;,
   7.811838;-0.000180;-13.524260;,
   5.546909;-0.000171;-12.507285;,
   5.418827;1.710230;0.705818;,
   7.260282;2.650976;4.101945;,
   9.180332;0.000170;3.077167;,
   7.279541;0.813561;5.244647;,
   4.918215;0.000169;3.036590;,
   -7.811996;-0.000181;-13.525046;,
   -5.547077;-0.000171;-12.508072;,
   -9.553376;-0.000168;-12.184341;,
   -4.630413;-0.000128;-8.082935;,
   -11.122675;-0.000117;-7.569403;,
   -9.182285;1.589383;-1.348657;,
   -5.102719;1.603383;-2.041591;,
   -5.418986;1.710235;0.705032;,
   -8.866649;1.710249;1.211949;,
   -4.918383;0.000175;3.035804;,
   -9.180498;0.000175;3.076381;,
   -7.279717;0.813567;5.243862;,
   -9.182285;1.589383;-1.348657;,
   -7.364005;3.545651;-1.577418;,
   -11.122675;-0.000117;-7.569403;,
   -7.341163;3.293306;0.897146;,
   -5.102719;1.603383;-2.041591;,
   -4.630413;-0.000128;-8.082935;,
   -7.542452;1.824392;-7.794382;,
   -9.553376;-0.000168;-12.184341;,
   -7.811996;-0.000181;-13.525046;,
   -8.866649;1.710249;1.211949;,
   -7.260449;2.650982;4.101159;,
   -5.418986;1.710235;0.705032;,
   -9.180498;0.000175;3.076381;,
   -7.279717;0.813567;5.243862;,
   -4.918383;0.000175;3.035804;,
   -5.547077;-0.000171;-12.508072;,
   6.554266;52.832939;-2.011867;,
   7.831527;52.719563;-1.304543;,
   5.790433;49.743168;-0.708759;,
   8.379330;54.108414;-3.701209;,
   7.567404;54.062645;-4.002712;,
   6.204681;57.400349;-1.655867;,
   6.859503;57.654560;-1.203699;,
   3.305263;58.530437;2.175910;,
   3.812717;58.931122;2.793777;,
   0.258196;57.509254;4.672283;,
   6.554266;52.832939;-2.011867;,
   6.204681;57.400349;-1.655867;,
   7.567404;54.062645;-4.002712;,
   4.834239;52.638855;0.891955;,
   3.216796;54.078678;2.866896;,
   3.305263;58.530437;2.175910;,
   2.081821;54.493618;3.248894;,
   0.258196;57.509254;4.672283;,
   5.790433;49.743168;-0.708759;,
   4.419769;48.274590;1.253123;,
   3.483498;50.776718;3.379323;,
   2.985575;46.709332;0.889079;,
   3.902341;45.728867;0.340233;,
   5.623798;47.781509;1.399394;,
   4.561188;50.867443;4.301780;,
   4.227645;48.263142;-1.540652;,
   1.226076;46.195126;-0.160534;,
   2.021193;45.134476;-0.793908;,
   4.227645;48.263142;-1.540652;,
   6.099023;52.650318;1.647556;,
   -0.000404;46.173119;-2.054739;,
   0.830253;45.169353;-2.725492;,
   0.405197;46.903362;-3.842130;,
   7.831527;52.719563;-1.304543;,
   6.859503;57.654560;-1.203699;,
   4.341149;54.470291;5.151169;,
   3.258276;52.500748;5.007035;,
   2.417551;52.249180;3.823550;,
   8.379330;54.108414;-3.701209;,
   3.288863;54.928787;5.452254;,
   3.812717;58.931122;2.793777;,
   -6.555086;52.832939;-2.011867;,
   -5.791254;49.743168;-0.708760;,
   -7.832347;52.719563;-1.304544;,
   -8.380150;54.108421;-3.701209;,
   -7.568233;54.062649;-4.002711;,
   -6.205509;57.400349;-1.655867;,
   -6.860331;57.654564;-1.203700;,
   -3.306091;58.530441;2.175911;,
   -3.813537;58.931122;2.793776;,
   -0.259024;57.509254;4.672282;,
   -6.555086;52.832939;-2.011867;,
   -7.568233;54.062649;-4.002711;,
   -6.205509;57.400349;-1.655867;,
