xof 0303txt 0032
template VertexDuplicationIndices {
 <b8d65549-d7c9-4995-89cf-53a9a8b031e3>
 DWORD nIndices;
 DWORD nOriginalVertices;
 array DWORD indices[nIndices];
}

template EffectParamDWord {
 <e13963bc-ae51-4c5d-b00f-cfa3a9d97ce5>
 STRING ParamName;
 DWORD Value;
}

template FVFData {
 <b6e70a0e-8ef9-4e83-94ad-ecc8b0c04897>
 DWORD dwFVF;
 DWORD nDWords;
 array DWORD data[nDWords];
}

template EffectFloats {
 <f1cfe2b3-0de3-4e28-afa1-155a750a282d>
 DWORD nFloats;
 array FLOAT Floats[nFloats];
}

template EffectString {
 <d55b097e-bdb6-4c52-b03d-6051c89d0e42>
 STRING Value;
}

template EffectDWord {
 <622c0ed0-956e-4da9-908a-2af94f3ce716>
 DWORD Value;
}

template EffectInstance {
 <e331f7e4-0559-4cc2-8e99-1cec1657928f>
 STRING EffectFilename;
 [...]
}

template AnimTicksPerSecond {
 <9e415a43-7ba6-4a73-8743-b73d47e88476>
 DWORD AnimTicksPerSecond;
}

template VertexElement {
 <f752461c-1e23-48f6-b9f8-8350850f336f>
 DWORD Type;
 DWORD Method;
 DWORD Usage;
 DWORD UsageIndex;
}

template DeclData {
 <bf22e553-292c-4781-9fea-62bd554bdd93>
 DWORD nElements;
 array VertexElement Elements[nElements];
 DWORD nDWords;
 array DWORD data[nDWords];
}

template EffectParamFloats {
 <3014b9a0-62f5-478c-9b86-e4ac9f4e418b>
 STRING ParamName;
 DWORD nFloats;
 array FLOAT Floats[nFloats];
}

template EffectParamString {
 <1dbc4c88-94c1-46ee-9076-2c28818c9481>
 STRING ParamName;
 STRING Value;
}


AnimTicksPerSecond {
 4800;
}

Frame {
 

 FrameTransformMatrix {
  1.000000,0.000000,0.000000,0.000000,0.000000,1.000000,0.000000,0.000000,0.000000,0.000000,1.000000,0.000000,0.000000,0.000000,0.000000,1.000000;;
 }

 Frame Pelvis {
  

  FrameTransformMatrix {
   0.638945,-0.000509,-0.769252,0.000000,-0.185695,0.970324,-0.154881,0.000000,0.746503,0.241807,0.619889,0.000000,1.571130,43.889450,8.772106,1.000000;;
  }

  Frame Spine1 {
   

   FrameTransformMatrix {
    0.999111,-0.034972,0.023557,0.000000,0.037467,0.992601,-0.115493,0.000000,-0.019344,0.116273,0.993029,0.000000,0.000000,4.185791,0.561306,1.000000;;
   }

   Frame Spine2 {
    

    FrameTransformMatrix {
     0.883342,-0.300271,-0.359922,0.000000,0.384647,0.903187,0.190526,0.000000,0.267868,-0.306743,0.913321,0.000000,-0.000001,8.099068,2.277587,1.000000;;
    }

    Frame Spine3 {
     

     FrameTransformMatrix {
      0.999999,0.000000,0.000000,0.000000,0.000000,1.000000,0.000000,0.000000,0.000000,0.000000,1.000001,0.000000,0.000001,10.121547,1.677865,1.000000;;
     }

     Frame Neck {
      

      FrameTransformMatrix {
       0.966929,-0.178007,0.182641,0.000000,0.112066,0.939843,0.322703,0.000000,-0.229097,-0.291564,0.928714,0.000000,0.000000,5.489215,-0.371738,1.000000;;
      }

      Frame Head {
       

       FrameTransformMatrix {
        0.682907,0.246675,-0.687594,0.000000,0.507150,0.517366,0.689298,0.000000,0.525772,-0.819443,0.228212,0.000000,-0.041503,5.201352,-1.408585,1.000000;;
       }

       Frame Jaw {
        

        FrameTransformMatrix {
         0.979820,0.117763,0.161490,0.000000,-0.005793,0.824378,-0.566014,0.000000,-0.199785,0.553657,0.808425,0.000000,0.000002,0.560489,-2.804719,1.000000;;
        }
       }
      }
     }

     Frame left_collar {
      

      FrameTransformMatrix {
       0.895902,0.406983,0.178102,0.000000,-0.429021,0.896686,0.109065,0.000000,-0.115314,-0.174121,0.977951,0.000000,1.759838,3.732966,-2.376564,1.000000;;
      }

      Frame left_shoulder {
       

       FrameTransformMatrix {
        0.811932,-0.581576,-0.050297,0.000000,0.580561,0.813490,-0.034400,0.000000,0.060923,-0.001270,0.998144,0.000000,6.985964,-1.821892,0.000002,1.000000;;
       }

       Frame left_elbow {
        

        FrameTransformMatrix {
         -0.430084,0.000001,-0.902783,0.000000,0.000006,1.000000,-0.000001,0.000000,0.902792,-0.000006,-0.430089,0.000000,17.635818,0.000003,0.000033,1.000000;;
        }

        Frame left_wrist {
         

         FrameTransformMatrix {
          0.739206,-0.424412,-0.522918,0.000000,0.673109,0.491213,0.552838,0.000000,0.022233,-0.760651,0.648791,0.000000,15.735544,0.000001,0.000033,1.000000;;
         }

         Frame left_thumb1 {
          

          FrameTransformMatrix {
           0.964414,-0.160453,0.210157,0.000000,0.213783,0.940877,-0.262705,0.000000,-0.155585,0.298293,0.941724,0.000000,1.037869,-0.008163,-2.259793,1.000000;;
          }

          Frame left_thumb2 {
           

           FrameTransformMatrix {
            -0.385698,0.000015,-0.922630,0.000000,0.909608,-0.167144,-0.380257,0.000000,-0.154228,-0.985966,0.064458,0.000000,2.121092,-0.083298,-1.403709,1.000000;;
           }
          }
         }

         Frame left_index1 {
          

          FrameTransformMatrix {
           -0.026547,0.000005,-0.999651,0.000000,0.998962,-0.036555,-0.026529,0.000000,-0.036544,-0.999347,0.000966,0.000000,4.136441,0.572731,-1.427062,1.000000;;
          }

          Frame left_index2 {
           

           FrameTransformMatrix {
            0.999035,-0.044301,0.000092,0.000000,0.043105,0.972540,0.228574,0.000000,-0.010216,-0.228356,0.973539,0.000000,0.000001,2.407728,-0.000001,1.000000;;
           }
          }
         }

         Frame left_weapon {
          

          FrameTransformMatrix {
           1.000003,0.000000,0.000000,0.000000,0.000000,0.999983,0.000000,0.000000,0.000000,0.000000,1.000015,0.000000,3.695376,-1.278759,0.000018,1.000000;;
          }
         }
        }

        Frame left_shield {
         

         FrameTransformMatrix {
          0.885892,-0.307599,-0.347235,0.000000,0.463885,0.587379,0.663167,0.000000,-0.000031,-0.748581,0.663054,0.000000,9.887287,1.442582,0.000000,1.000000;;
         }
        }
       }
      }
     }

     Frame right_collar {
      

      FrameTransformMatrix {
       0.868185,0.143355,-0.475080,0.000000,-0.042772,0.975419,0.216166,0.000000,0.494393,-0.167353,0.852979,0.000000,-1.759838,3.732964,-2.376566,1.000000;;
      }

      Frame right_shoulder {
       

       FrameTransformMatrix {
        0.611249,0.701976,-0.365504,0.000000,-0.760231,0.649189,-0.024555,0.000000,0.220046,0.292880,0.930490,0.000000,-6.985962,-1.821893,0.000001,1.000000;;
       }

       Frame right_elbow {
        

        FrameTransformMatrix {
         0.624084,0.000000,0.781340,0.000000,-0.000000,1.000001,0.000000,0.000000,-0.781361,-0.000000,0.624101,0.000000,-17.635807,0.000000,0.000016,1.000000;;
        }

        Frame right_wrist {
         

         FrameTransformMatrix {
          0.992095,0.051236,-0.114458,0.000000,-0.122504,0.591127,-0.797223,0.000000,0.026813,0.804959,0.592743,0.000000,-15.735542,-0.000001,0.000015,1.000000;;
         }

         Frame right_thumb1 {
          

          FrameTransformMatrix {
           0.844440,0.535096,-0.023705,0.000000,-0.170799,0.227064,-0.958791,0.000000,-0.507673,0.813708,0.283142,0.000000,-1.037853,-0.008156,-2.259809,1.000000;;
          }

          Frame right_thumb2 {
           

           FrameTransformMatrix {
            -0.000378,0.129720,0.991541,0.000000,-0.895933,-0.440617,0.057303,0.000000,0.444277,-0.888240,0.116375,0.000000,-2.121087,-0.083300,-1.403709,1.000000;;
           }
          }
         }

         Frame right_index1 {
          

          FrameTransformMatrix {
           -0.026524,0.000036,0.999632,0.000000,-0.676639,-0.736102,-0.017928,0.000000,0.735847,-0.676881,0.019549,0.000000,-4.136444,0.572731,-1.427058,1.000000;;
          }

          Frame right_index2 {
           

           FrameTransformMatrix {
            0.999068,0.044214,-0.000090,0.000000,0.001191,-0.024882,0.999704,0.000000,0.044193,-0.998652,-0.024909,0.000000,-0.000002,2.407731,-0.000001,1.000000;;
           }
          }
         }

         Frame right_weapon {
          

          FrameTransformMatrix {
           0.999985,0.000000,0.000000,0.000000,0.000000,1.000005,0.000000,0.000000,0.000000,0.000000,1.000011,0.000000,-3.328819,-1.397072,0.119209,1.000000;;
          }
         }
        }
       }
      }
     }
    }
   }
  }

  Frame left_thigh {
   

   FrameTransformMatrix {
    0.673923,-0.085220,0.733870,0.000000,-0.544354,0.614313,0.571225,0.000000,-0.499506,-0.784447,0.367610,0.000000,7.090835,-6.827025,-0.160376,1.000000;;
   }

   Frame left_knee {
    

    FrameTransformMatrix {
     1.000000,0.000000,-0.000000,0.000000,-0.000000,0.224777,-0.974410,0.000000,0.000000,0.974410,0.224777,0.000000,0.000000,-22.829433,-1.892134,1.000000;;
    }

    Frame left_ankle {
     

     FrameTransformMatrix {
      0.925257,-0.281609,0.254156,0.000000,0.094454,0.819923,0.564628,0.000000,-0.367392,-0.498420,0.785239,0.000000,-0.000001,-22.209206,1.270803,1.000000;;
     }

     Frame left_ball {
      

      FrameTransformMatrix {
       1.000000,0.000000,0.000000,0.000000,0.000000,1.000000,0.000000,0.000000,0.000000,0.000000,1.000000,0.000000,-0.000002,-3.209311,-8.003260,1.000000;;
      }
     }
    }
   }
  }

  Frame right_thigh {
   

   FrameTransformMatrix {
    0.783323,-0.621589,-0.005635,0.000000,0.581211,0.729163,0.361268,0.000000,-0.220452,-0.286265,0.932445,0.000000,-6.893534,-6.827030,-0.160378,1.000000;;
   }

   Frame right_knee {
    

    FrameTransformMatrix {
     1.000000,0.000000,-0.000000,0.000000,-0.000000,0.537820,-0.843060,0.000000,0.000000,0.843060,0.537820,0.000000,0.000000,-22.829470,-1.892137,1.000000;;
    }

    Frame right_ankle {
     

     FrameTransformMatrix {
      0.674323,0.731903,0.098012,0.000000,-0.722599,0.681364,-0.116593,0.000000,-0.152116,0.007798,0.988332,0.000000,-0.000004,-22.209154,1.270802,1.000000;;
     }

     Frame right_ball {
      

      FrameTransformMatrix {
       0.999999,0.000000,0.000000,0.000000,0.000000,0.766079,0.642748,0.000000,0.000000,-0.642748,0.766078,0.000000,-0.000008,-3.209312,-8.003260,1.000000;;
      }
     }
    }
   }
  }
 }

 Frame A_decap_mat {
  

  FrameTransformMatrix {
   1.000000,0.000000,0.000000,0.000000,0.000000,1.000000,0.000000,0.000000,0.000000,0.000000,1.000000,0.000000,0.000000,0.000000,0.000000,1.000000;;
  }

  Mesh A_decap_mat {
   2536;
   2.478609;92.390747;-2.954754;,
   2.931792;90.893349;-3.001515;,
   2.099842;91.512901;-4.545820;,
   1.953836;91.112579;-4.201462;,
   1.824936;88.919182;-3.572530;,
   1.794724;89.583572;-3.333022;,
   2.891367;90.149605;-2.858704;,
   3.329844;88.377670;-2.200745;,
   0.785313;90.510521;-4.018778;,
   0.000000;90.619522;-4.421193;,
   0.895558;89.848892;-3.863499;,
   1.560209;91.313469;-1.229999;,
   0.000000;89.818161;-5.063920;,
   -1.824936;88.919182;-3.572530;,
   -3.329844;88.377670;-2.200745;,
   -2.891367;90.149605;-2.858705;,
   -1.794725;89.583633;-3.333024;,
   -0.895558;89.848892;-3.863496;,
   -1.855183;88.321716;-3.186270;,
   -1.560209;91.313469;-1.229999;,
   -2.931792;90.893349;-3.001512;,
   0.000000;90.619522;-4.421193;,
   0.000000;89.818161;-5.063920;,
   -1.824936;88.919182;-3.572530;,
   -1.794725;89.583633;-3.333024;,
   -0.895558;89.848892;-3.863496;,
   -1.855183;88.321716;-3.186270;,
   -1.560209;91.313469;-1.229999;,
   -2.931792;90.893349;-3.001512;,
   0.000000;90.619522;-4.421193;,
   0.000000;89.818161;-5.063920;,
   2.478609;92.390747;-2.954754;,
   2.099842;91.512901;-4.545820;,
   1.953836;91.112579;-4.201462;,
   1.824936;88.919182;-3.572530;,
   1.794724;89.583572;-3.333022;,
   0.785313;90.510521;-4.018778;,
   0.895558;89.848892;-3.863499;,
   1.560209;91.313469;-1.229999;,
   0.000000;89.818161;-5.063920;,
   -1.467530;89.307884;-4.936377;,
   -3.814023;87.354919;-3.687317;,
   -1.562643;85.753456;-5.647639;,
   -3.286339;90.416718;-3.920846;,
   -4.817902;88.470787;-1.308417;,
   -4.512486;91.364838;0.623870;,
   -5.799926;89.045349;3.002457;,
   -3.197472;91.456856;-3.943910;,
   -2.782230;95.621124;-2.112464;,
   -3.028992;96.365753;1.488781;,
   0.000000;98.200684;1.309056;,
   0.000000;97.113701;-2.987333;,
   2.782229;95.621078;-2.112463;,
   3.028991;96.365692;1.488780;,
   -1.654471;94.088356;-4.522812;,
   0.000000;94.104141;-4.904159;,
   1.654471;94.088356;-4.522812;,
   3.197472;91.456856;-3.943910;,
   4.512486;91.364838;0.623870;,
   -1.492857;90.895691;-5.687443;,
   0.000000;90.653053;-5.943106;,
   1.492857;90.895691;-5.687443;,
   3.286339;90.416718;-3.920846;,
   4.817902;88.470787;-1.308417;,
   5.799926;89.045349;3.002457;,
   3.814023;87.354919;-3.687317;,
   1.467530;89.307884;-4.936377;,
   1.562643;85.753456;-5.647639;,
   1.737755;86.563538;-3.502748;,
   -1.737755;86.563522;-3.502749;,
   0.000000;86.100266;-4.738469;,
   -1.855183;88.321716;-3.186270;,
   1.855183;88.321716;-3.186270;,
   3.329844;88.377670;-2.200745;,
   -3.329844;88.377670;-2.200745;,
   4.028793;89.236397;0.236505;,
   -4.028797;89.236496;0.236505;,
   3.281437;90.388885;3.658552;,
   -3.281437;90.388885;3.658547;,
   0.000000;89.762871;6.105803;,
   1.705330;92.182602;-4.008815;,
   0.000000;91.633308;-4.337875;,
   1.855183;88.321716;-3.186270;,
   0.651035;88.439896;-4.248456;,
   0.000000;87.957092;-4.419987;,
   0.734676;87.263138;-4.366810;,
   0.000000;87.220619;-4.710121;,
   1.737755;86.563538;-3.502748;,
   0.000000;86.100266;-4.738469;,
   1.705330;92.182610;-4.008815;,
   0.000000;91.633308;-4.337875;,
   1.855183;88.321716;-3.186270;,
   0.651035;88.439903;-4.248455;,
   0.000000;87.957092;-4.419987;,
   0.734676;87.263153;-4.366812;,
   0.000000;87.220619;-4.710121;,
   1.737755;86.563538;-3.502748;,
   0.000000;86.100266;-4.738469;,
   6.307032;92.558472;4.388340;,
   2.975911;94.751572;3.891793;,
   3.113356;92.476105;4.698053;,
   5.104807;95.846672;2.208563;,
   2.838466;95.720741;2.139291;,
   2.974906;95.020370;-0.395828;,
   6.636132;93.624428;-1.496131;,
   3.111346;92.918129;-2.133108;,
   6.979342;96.212051;2.249539;,
   9.178927;95.001907;-0.980293;,
   10.430605;93.795769;1.632569;,
   7.132143;91.723717;1.496583;,
   3.112606;90.516960;1.355507;,
   9.180715;94.835403;4.296899;,
   10.057192;97.350708;4.205945;,
   8.244970;97.488625;2.307423;,
   10.107557;97.626724;-0.055021;,
   11.268811;97.475021;2.075000;,
   9.180715;94.835403;4.296899;,
   6.307032;92.558472;4.388340;,
   3.113356;92.476105;4.698053;,
   10.357850;100.668739;4.635870;,
   8.583111;100.608200;2.993922;,
   9.966402;100.967316;1.326613;,
   11.069547;100.988716;2.920690;,
   10.057192;97.350708;4.205945;,
   8.159831;103.061111;3.765603;,
   9.073465;103.481163;2.688526;,
   10.029332;103.762672;3.782297;,
   10.357850;100.668739;4.635870;,
   9.557184;103.497314;5.061790;,
   7.009929;105.129333;4.452197;,
   7.508745;105.743591;3.749808;,
   8.090216;106.109375;4.454574;,
   9.557184;103.497314;5.061790;,
   7.846356;105.717102;5.329263;,
   5.147836;107.494507;5.008843;,
   7.846356;105.717102;5.329263;,
   -9.180715;94.835403;4.296899;,
   -11.268811;97.475021;2.075000;,
   -10.430597;93.795700;1.632567;,
   -9.178927;95.001907;-0.980293;,
   -6.636132;93.624428;-1.496131;,
   -7.132140;91.723663;1.496582;,
   -6.307032;92.558472;4.388340;,
   -9.180715;94.835403;4.296899;,
   -10.107557;97.626724;-0.055021;,
   -6.979345;96.212097;2.249540;,
   -5.104807;95.846672;2.208563;,
   -2.974906;95.020370;-0.395828;,
   -3.111346;92.918129;-2.133108;,
   -9.966402;100.967316;1.326613;,
   -8.244970;97.488625;2.307423;,
   -10.057192;97.350708;4.205945;,
   -9.180715;94.835403;4.296899;,
   -6.307032;92.558472;4.388340;,
   -11.069547;100.988716;2.920690;,
   -9.073465;103.481163;2.688526;,
   -8.583110;100.608185;2.993921;,
   -10.357850;100.668739;4.635870;,
   -10.057192;97.350708;4.205945;,
   -10.357850;100.668739;4.635870;,
   -10.029327;103.762634;3.782295;,
   -7.508745;105.743591;3.749808;,
   -8.159831;103.061111;3.765603;,
   -9.557184;103.497314;5.061790;,
   -9.557184;103.497314;5.061790;,
   -8.090216;106.109375;4.454574;,
   -5.147836;107.494507;5.008843;,
   -7.009929;105.129333;4.452197;,
   -7.846356;105.717102;5.329263;,
   -7.846356;105.717102;5.329263;,
   -3.112606;90.516960;1.355507;,
   -3.113355;92.476074;4.698050;,
   -2.838466;95.720741;2.139291;,
   -2.975911;94.751572;3.891793;,
   -3.113355;92.476074;4.698050;,
   -1.467530;89.307884;-4.936377;,
   -1.562643;85.753456;-5.647638;,
   -3.814023;87.354919;-3.687317;,
   -3.286339;90.416718;-3.920845;,
   -4.817902;88.470787;-1.308417;,
   -4.218696;91.159805;-1.362181;,
   -3.197472;91.456856;-3.943910;,
   -3.814601;94.730911;-1.674279;,
   -1.654471;94.088356;-4.522812;,
   -1.492857;90.895691;-5.687442;,
   -4.806276;91.569862;2.609922;,
   -4.238559;95.209145;1.686674;,
   -1.819423;97.522293;1.290888;,
   -1.749857;96.511246;-2.550646;,
   -5.799926;89.045349;3.002457;,
   0.000000;98.200668;1.309057;,
   0.000000;97.113701;-2.987333;,
   0.000000;94.104141;-4.904159;,
   0.000000;90.653053;-5.943106;,
   1.492857;90.895691;-5.687442;,
   1.654471;94.088356;-4.522812;,
   3.197472;91.456856;-3.943910;,
   1.749857;96.511246;-2.550646;,
   1.819423;97.522324;1.290888;,
   3.814601;94.730911;-1.674279;,
   4.218696;91.159805;-1.362181;,
   3.286339;90.416718;-3.920845;,
   4.817902;88.470787;-1.308417;,
   3.814023;87.354919;-3.687317;,
   1.467530;89.307884;-4.936377;,
   4.238559;95.209145;1.686674;,
   4.806276;91.569862;2.609922;,
   5.799926;89.045349;3.002457;,
   1.562643;85.753456;-5.647638;,
   -3.211600;91.388153;6.365331;,
   -4.512486;91.364838;0.623870;,
   -3.028992;96.365753;1.488781;,
   -5.799926;89.045349;3.002457;,
   -4.367323;88.103416;7.026882;,
   0.000000;90.754494;7.985994;,
   0.000000;87.348953;9.667363;,
   4.367323;88.103416;7.026882;,
   -1.989903;96.021088;5.362841;,
   0.000000;96.348755;6.080740;,
   1.989903;96.021088;5.362841;,
   3.211600;91.388153;6.365331;,
   5.799926;89.045349;3.002457;,
   4.512486;91.364838;0.623870;,
   0.000000;98.200684;1.309056;,
   3.028991;96.365692;1.488780;,
   2.928797;92.810532;4.231728;,
   3.281437;90.388885;3.658552;,
   4.089524;92.477615;0.866272;,
   0.000000;91.999275;6.736239;,
   0.000000;89.762871;6.105803;,
   -3.281437;90.388885;3.658547;,
   -2.928797;92.810516;4.231728;,
   -4.089524;92.477608;0.866272;,
   -3.781206;90.175171;0.924594;,
   -4.028797;89.236496;0.236505;,
   -3.329844;88.377670;-2.200745;,
   -2.891367;90.149605;-2.858705;,
   -2.931792;90.893349;-3.001512;,
   -2.478609;92.390747;-2.954755;,
   3.781206;90.175171;0.924594;,
   4.028793;89.236397;0.236505;,
   3.329844;88.377670;-2.200745;,
   2.891367;90.149605;-2.858704;,
   2.931792;90.893349;-3.001515;,
   2.478609;92.390747;-2.954754;,
   0.000000;87.220619;-4.710121;,
   -0.734676;87.263138;-4.366810;,
   0.000000;87.957092;-4.419987;,
   0.000000;86.100266;-4.738469;,
   -1.737755;86.563522;-3.502749;,
   -0.651035;88.439903;-4.248455;,
   -2.478609;92.390747;-2.954755;,
   -1.705330;92.182602;-4.008815;,
   -2.099842;91.512894;-4.545816;,
   0.000000;91.633308;-4.337875;,
   -0.785313;90.510521;-4.018774;,
   -1.953853;91.112579;-4.201458;,
   0.000000;87.220619;-4.710121;,
   -0.734676;87.263138;-4.366813;,
   0.000000;87.957092;-4.419987;,
   0.000000;86.100266;-4.738469;,
   -1.737755;86.563522;-3.502749;,
   -0.651035;88.439896;-4.248456;,
   -2.478609;92.390747;-2.954755;,
   -1.705330;92.182602;-4.008815;,
   -2.099842;91.512901;-4.545820;,
   0.000000;91.633308;-4.337875;,
   -0.785313;90.510521;-4.018778;,
   -1.953836;91.112579;-4.201462;,
   -3.211600;91.388153;6.365331;,
   -4.238559;95.209145;1.686674;,
   -4.806276;91.569862;2.609922;,
   -2.039281;94.953972;6.112971;,
   -1.940526;97.088188;4.612711;,
   -1.819423;97.522293;1.290888;,
   0.000000;98.200668;1.309057;,
   -5.799926;89.045349;3.002457;,
   -4.367323;88.103416;7.026883;,
   0.000000;90.754494;7.985995;,
   0.000000;95.145195;6.903063;,
   0.000000;97.552322;5.258417;,
   1.940526;97.088188;4.612711;,
   1.819423;97.522324;1.290888;,
   4.238559;95.209145;1.686674;,
   0.000000;87.348953;9.667363;,
   4.367323;88.103416;7.026883;,
   3.211600;91.388153;6.365331;,
   2.039281;94.953972;6.112971;,
   4.806276;91.569862;2.609922;,
   5.799926;89.045349;3.002457;,
   46.841690;109.322311;10.722734;,
   47.279167;109.111168;11.715823;,
   48.198864;108.998489;10.723035;,
   28.811886;110.683792;-14.617712;,
   29.208090;110.680321;-13.783377;,
   29.977592;110.680321;-14.617102;,
   22.711740;102.964806;-1.251099;,
   23.112820;102.901855;-0.477655;,
   23.783546;103.222992;-1.251170;,
   53.468285;82.097549;-19.209415;,
   46.108639;82.847969;-20.554388;,
   46.783318;82.668854;-21.946884;,
   21.221682;82.081459;-19.174971;,
   27.890152;82.515289;-21.926702;,
   28.569799;82.705414;-20.535656;,
   21.221682;82.081459;-19.174971;,
   28.530788;82.083954;-26.102673;,
   27.890152;82.515289;-21.926702;,
   28.070728;83.409073;-22.178936;,
   27.890152;82.515289;-21.926702;,
   28.530788;82.083954;-26.102673;,
   46.596527;83.559647;-22.198719;,
   46.127739;82.092697;-26.121466;,
   46.783318;82.668854;-21.946884;,
   46.127739;82.092697;-26.121466;,
   53.468285;82.097549;-19.209415;,
   46.783318;82.668854;-21.946884;,
   21.221682;82.081459;-19.174971;,
   28.070728;83.409073;-22.178936;,
   28.530788;82.083954;-26.102673;,
   53.468285;82.097549;-19.209415;,
   46.127739;82.092697;-26.121466;,
   46.596527;83.559647;-22.198719;,
   16.913080;82.080139;-10.463761;,
   37.376629;85.000000;0.000000;,
   15.255444;82.080887;0.001663;,
   37.342033;91.378242;-0.095076;,
   31.149174;86.152885;6.283134;,
   37.399467;86.212532;10.763569;,
   43.635700;86.254341;6.259996;,
   37.399467;86.212532;10.763569;,
   29.290434;108.025688;-15.049666;,
   29.290442;112.617630;-15.847486;,
   29.380236;112.257248;-14.607326;,
   29.378185;107.665428;-13.809820;,
   28.283848;108.404823;-13.234865;,
   29.378159;107.665329;-13.809808;,
   29.380236;112.257248;-14.607326;,
   28.288034;112.996742;-14.032077;,
   30.472454;108.404823;-13.233925;,
   30.472454;112.996742;-14.031740;,
   29.380236;112.257248;-14.607326;,
   29.378159;107.665329;-13.809808;,
   46.827579;106.672874;10.105546;,
   47.892822;111.198288;9.776787;,
   47.869316;110.706520;10.974081;,
   46.802063;106.181618;11.302545;,
   45.892090;107.091797;11.949409;,
   46.802059;106.181610;11.302545;,
   47.869312;110.706520;10.974082;,
   46.961391;111.616196;11.621252;,
   48.022453;106.590233;11.950344;,
   49.087692;111.115654;11.621586;,
   47.869312;110.706520;10.974082;,
   46.802059;106.181610;11.302545;,
   29.380236;112.257248;-14.607326;,
   29.290442;112.617630;-15.847486;,
   29.290434;108.025688;-15.049666;,
   29.378185;107.665428;-13.809820;,
   28.283848;108.404823;-13.234865;,
   28.288034;112.996742;-14.032077;,
   29.380236;112.257248;-14.607326;,
   29.378159;107.665329;-13.809808;,
   29.380236;112.257248;-14.607326;,
   30.472454;112.996742;-14.031740;,
   30.472454;108.404823;-13.233925;,
   29.378159;107.665329;-13.809808;,
   47.869316;110.706520;10.974081;,
   47.892822;111.198288;9.776787;,
   46.827579;106.672874;10.105546;,
   46.802063;106.181618;11.302545;,
   45.892090;107.091797;11.949409;,
   46.961391;111.616196;11.621252;,
   47.869312;110.706520;10.974082;,
   46.802059;106.181610;11.302545;,
   47.869312;110.706520;10.974082;,
   49.087692;111.115654;11.621586;,
   48.022453;106.590233;11.950344;,
   46.802059;106.181610;11.302545;,
   41.691811;84.070885;12.464062;,
   48.198864;108.998489;10.723035;,
   47.279167;109.111168;11.715823;,
   41.267754;84.122841;12.921834;,
   47.279167;109.111168;11.715823;,
   46.841690;109.322311;10.722734;,
   41.069782;84.223053;12.463687;,
   41.267754;84.122841;12.921834;,
   46.841690;109.322311;10.722734;,
   48.198864;108.998489;10.723035;,
   41.691811;84.070885;12.464062;,
   41.069782;84.223053;12.463687;,
   29.713404;84.177658;-10.251754;,
   29.977592;110.680321;-14.617102;,
   29.208090;110.680321;-13.783377;,
   29.288742;84.177689;-9.791618;,
   29.208090;110.680321;-13.783377;,
   28.811886;110.683792;-14.617712;,
   29.073059;84.183189;-10.252693;,
   29.288742;84.177689;-9.791618;,
   28.811886;110.683792;-14.617712;,
   29.977592;110.680321;-14.617102;,
   29.713404;84.177658;-10.251754;,
   29.073059;84.183189;-10.252693;,
   27.030968;84.155060;-2.491196;,
   23.783546;103.222992;-1.251170;,
   23.112820;102.901855;-0.477655;,
   26.528524;83.914474;-1.911731;,
   23.112820;102.901855;-0.477655;,
   22.711740;102.964806;-1.251099;,
   26.230684;83.967125;-2.491000;,
   26.528524;83.914474;-1.911731;,
   22.711740;102.964806;-1.251099;,
   23.783546;103.222992;-1.251170;,
   27.030968;84.155060;-2.491196;,
   26.230684;83.967125;-2.491000;,
   46.596527;83.559647;-22.198719;,
   46.783318;82.668854;-21.946884;,
   46.108639;82.847969;-20.554388;,
   45.876797;84.035889;-20.890213;,
   53.468285;82.097549;-19.209415;,
   46.596527;83.559647;-22.198719;,
   45.876797;84.035889;-20.890213;,
   47.623627;85.007828;-15.500196;,
   57.812355;82.100471;-10.507448;,
   53.579922;85.019943;-0.016711;,
   59.512829;82.102997;-0.045612;,
   57.858620;82.103119;10.442612;,
   49.892006;85.019272;12.524261;,
   53.553078;82.102386;19.181780;,
   46.236908;82.099274;26.112625;,
   42.507515;86.217255;-6.689100;,
   45.479649;86.256569;-0.010498;,
   43.635700;86.254341;6.259996;,
   37.399467;86.212532;10.763569;,
   37.419510;85.006599;21.531391;,
   37.438076;82.095535;28.670671;,
   37.341805;84.994530;-17.529949;,
   37.360596;86.172539;-8.767106;,
   32.242805;86.133804;-6.689208;,
   27.094219;84.982590;-15.500397;,
   21.178484;84.980148;0.017896;,
   29.278927;86.124901;0.006806;,
   45.876797;84.035889;-20.890213;,
   28.792997;83.896980;-20.871952;,
   31.149174;86.152885;6.283134;,
   24.918957;84.988579;12.570543;,
   28.632965;82.090500;26.131424;,
   16.952366;82.082710;10.486304;,
   15.255444;82.080887;0.001663;,
   16.913080;82.080139;-10.463761;,
   21.221682;82.081459;-19.174971;,
   28.792997;83.896980;-20.871952;,
   28.070728;83.409073;-22.178936;,
   21.293665;82.086304;19.216230;,
   16.952366;82.082710;10.486304;,
   28.569799;82.705414;-20.535656;,
   27.890152;82.515289;-21.926702;,
   28.070728;83.409073;-22.178936;,
   28.792997;83.896980;-20.871952;,
   46.108639;82.847969;-20.554388;,
   37.376629;85.000000;0.000000;,
   37.349808;83.701950;-16.987598;,
   28.569799;82.705414;-20.535656;,
   53.468285;82.097549;-19.209415;,
   46.108639;82.847969;-20.554388;,
   57.812355;82.100471;-10.507448;,
   45.876797;84.035889;-20.890213;,
   46.108639;82.847969;-20.554388;,
   37.349808;83.701950;-16.987598;,
   37.341805;84.994530;-17.529949;,
   28.792997;83.896980;-20.871952;,
   28.569799;82.705414;-20.535656;,
   21.221682;82.081459;-19.174971;,
   28.569799;82.705414;-20.535656;,
   16.913080;82.080139;-10.463761;,
   29.278927;86.124901;0.006806;,
   31.149174;86.152885;6.283134;,
   32.242805;86.133804;-6.689208;,
   37.360596;86.172539;-8.767106;,
   42.507515;86.217255;-6.689100;,
   45.479649;86.256569;-0.010498;,
   43.635700;86.254341;6.259996;,
   21.293665;82.086304;19.216230;,
   28.632965;82.090500;26.131424;,
   37.438076;82.095535;28.670671;,
   57.812355;82.100471;-10.507448;,
   59.512829;82.102997;-0.045612;,
   57.858620;82.103119;10.442612;,
   53.553078;82.102386;19.181780;,
   46.236908;82.099274;26.112625;,
   37.438076;82.095535;28.670671;,
   16.952366;82.082710;10.486304;,
   15.255444;82.080887;0.001663;,
   21.293665;82.086304;19.216230;,
   -25.977228;80.240547;4.792083;,
   -26.234983;80.319824;1.387908;,
   -26.773621;78.563477;3.241122;,
   -26.927755;82.330513;3.269798;,
   -26.773621;78.563477;3.241122;,
   -23.659662;79.174652;3.325975;,
   -25.977228;80.240547;4.792083;,
   -26.234983;80.319824;1.387908;,
   -23.733482;80.360085;1.844697;,
   -17.574429;80.615089;2.412334;,
   -17.431368;79.822777;3.250091;,
   -17.580183;80.554253;4.123280;,
   -23.749722;80.385185;4.553337;,
   -23.821819;81.583832;3.081222;,
   -17.586859;81.260780;3.189218;,
   -12.477674;82.120506;3.211971;,
   -11.266803;80.708801;1.512142;,
   -26.927755;82.330513;3.269798;,
   -11.592586;80.517838;4.922154;,
   -10.505524;82.686493;3.367926;,
   -9.745980;80.662369;1.729923;,
   -11.255314;79.385406;3.134319;,
   -9.844753;80.531120;4.902063;,
   -9.161396;81.159302;3.341890;,
   -34.101852;79.962265;5.440567;,
   -32.768291;83.880234;5.393805;,
   -32.455006;84.095703;6.588072;,
   -32.006603;85.614075;2.243938;,
   -32.390171;84.724266;2.048385;,
   -32.490120;83.586693;-1.121875;,
   -32.167725;83.877922;-2.596306;,
   -33.980968;79.756622;-1.128675;,
   -40.928020;81.266449;3.489183;,
   -40.688980;79.812347;0.947095;,
   -39.088070;80.356384;1.573442;,
   -39.104130;81.567024;3.719918;,
   -39.155373;82.926941;4.272932;,
   -41.012650;83.429893;4.663888;,
   -39.043171;84.260994;1.230591;,
   -41.325157;84.934868;0.598554;,
   -34.665649;78.878876;1.829095;,
   -34.101852;79.962265;5.440567;,
   -32.455006;84.095703;6.588072;,
   -32.006603;85.614075;2.243938;,
   -32.167725;83.877922;-2.596306;,
   -39.052162;82.729431;-1.604679;,
   -40.831833;82.990784;-2.890257;,
   -40.974541;80.763031;-1.475619;,
   -39.241535;81.247040;-0.738524;,
   -40.688980;79.812347;0.947095;,
   -39.088070;80.356384;1.573442;,
   -33.980968;79.756622;-1.128675;,
   -34.665649;78.878876;1.829095;,
   -34.665649;78.878876;1.829095;,
   -33.980968;79.756622;-1.128675;,
   -32.894638;77.843849;1.493502;,
   -31.560909;79.386253;-1.627432;,
   -30.301054;76.953766;1.474379;,
   -28.655756;79.317497;-3.458920;,
   -29.186028;83.138649;-1.491376;,
   -26.426418;83.657211;-2.658412;,
   -32.490120;83.586693;-1.121875;,
   -32.390171;84.724266;2.048385;,
   -29.068701;85.195496;2.336851;,
   -26.606501;87.391884;2.786001;,
   -26.586349;83.522949;6.896278;,
   -29.435112;83.348282;5.643992;,
   -28.887718;79.170654;8.042984;,
   -32.768291;83.880234;5.393805;,
   -31.471481;79.483093;5.940529;,
   -30.301054;76.953766;1.474379;,
   -32.894638;77.843849;1.493502;,
   -34.101852;79.962265;5.440567;,
   -34.665649;78.878876;1.829095;,
   -41.325157;84.934868;0.598554;,
   -40.831833;82.990784;-2.890257;,
   -41.043850;82.692665;0.805479;,
   -40.974541;80.763031;-1.475619;,
   -40.688980;79.812347;0.947095;,
   -40.928020;81.266449;3.489183;,
   -41.012650;83.429893;4.663888;,
   -26.586349;83.522949;6.896278;,
   -28.457972;82.129013;2.256165;,
   -26.606501;87.391884;2.786001;,
   -28.887718;79.170654;8.042984;,
   -30.301054;76.953766;1.474379;,
   -28.655756;79.317497;-3.458920;,
   -26.426418;83.657211;-2.658412;,
   -32.638168;82.858040;2.345261;,
   -32.479488;83.423927;3.455479;,
   -27.925148;82.219078;2.959414;,
   -27.048431;81.584175;4.700020;,
   -26.456921;82.704117;3.181390;,
   -26.721035;80.979233;1.653703;,
   -33.022400;81.476311;2.005575;,
   -26.969559;79.514511;3.685962;,
   -33.027081;81.623001;3.134336;,
   -32.638168;82.858040;2.345261;,
   -32.479488;83.423927;3.455479;,
   -27.928059;82.222404;2.959543;,
   -27.051344;81.587509;4.700140;,
   -26.459848;82.707458;3.181519;,
   -26.723927;80.982567;1.653827;,
   -33.022400;81.476311;2.005575;,
   -26.972469;79.517845;3.686082;,
   -33.027081;81.623001;3.134336;,
   -46.199005;79.118385;12.644475;,
   -47.511284;79.860870;12.615498;,
   -47.511284;78.376251;12.607389;,
   -48.823566;79.118385;12.644475;,
   -46.199005;79.118385;12.644475;,
   -47.511284;78.376251;12.607389;,
   -46.177132;79.174362;2.405946;,
   -47.511311;78.431694;2.466755;,
   -45.705322;79.194618;-1.300944;,
   -47.511284;78.452255;-1.304998;,
   -49.317276;79.194557;-1.300943;,
   -48.845455;79.174324;2.405946;,
   -48.823566;79.118385;12.644475;,
   -46.199005;79.118385;12.644475;,
   -46.177132;79.174362;2.405946;,
   -47.511284;79.860870;12.615498;,
   -47.511284;79.916275;2.474862;,
   -48.845455;79.174324;2.405946;,
   -48.823566;79.118385;12.644475;,
   -45.705322;79.194618;-1.300944;,
   -47.511284;79.936882;-1.296885;,
   -49.317276;79.194557;-1.300943;,
   -42.446087;77.920372;-3.963686;,
   -42.446087;77.907608;-1.627542;,
   -44.564159;77.904259;-1.013292;,
   -52.576488;77.920387;-3.963686;,
   -50.458416;77.904266;-1.013293;,
   -52.576504;77.907623;-1.627545;,
   -50.458416;80.481667;-0.999210;,
   -52.576485;80.497757;-3.949606;,
   -52.576485;80.485001;-1.613461;,
   -42.446068;80.497787;-3.949600;,
   -44.564175;80.481667;-0.999210;,
   -42.446068;80.485031;-1.613461;,
   -47.511284;79.460152;-49.913773;,
   -45.474216;79.434067;-45.138615;,
   -47.511284;78.957367;-44.438206;,
   -45.118717;79.340805;-28.067671;,
   -47.511284;78.689087;-27.656429;,
   -44.719135;79.215538;-5.137337;,
   -45.175209;79.208435;-3.839248;,
   -47.511284;78.482475;-3.843182;,
   -47.511284;79.460152;-49.913773;,
   -47.511284;78.957367;-44.438206;,
   -49.548409;79.434120;-45.138649;,
   -49.903854;79.340813;-28.067671;,
   -47.511284;78.689087;-27.656429;,
   -50.303440;79.215538;-5.137294;,
   -49.847378;79.208427;-3.839214;,
   -47.511284;78.482475;-3.843182;,
   -47.511284;79.460152;-49.913773;,
   -47.511307;79.903091;-44.433037;,
   -45.474216;79.434067;-45.138615;,
   -45.118717;79.340805;-28.067671;,
   -47.511314;79.988045;-27.649353;,
   -44.719135;79.215538;-5.137337;,
   -45.175209;79.208435;-3.839248;,
   -47.511284;79.934395;-3.835248;,
   -47.511284;79.460152;-49.913773;,
   -49.548409;79.434120;-45.138649;,
   -47.511307;79.903091;-44.433037;,
   -49.903854;79.340813;-28.067671;,
   -47.511314;79.988045;-27.649353;,
   -50.303440;79.215538;-5.137294;,
   -49.847378;79.208427;-3.839214;,
   -47.511284;79.934395;-3.835248;,
   -44.564175;80.481667;-0.999210;,
   -50.458416;77.904266;-1.013293;,
   -44.564159;77.904259;-1.013292;,
   -50.458416;80.481667;-0.999210;,
   -52.576504;77.907623;-1.627545;,
   -52.576485;80.485001;-1.613461;,
   -52.576488;77.920387;-3.963686;,
   -42.446068;80.485031;-1.613461;,
   -42.446087;77.907608;-1.627542;,
   -42.446068;80.497787;-3.949600;,
   -42.446087;77.920372;-3.963686;,
   -52.576485;80.497757;-3.949606;,
   0.000000;84.611992;-3.890692;,
   -1.822775;83.856590;-2.806590;,
   0.000000;83.277924;-3.974664;,
   -1.625910;85.144051;-2.720989;,
   1.822775;83.856590;-2.806590;,
   1.625910;85.144051;-2.720989;,
   2.458746;88.291397;-1.649121;,
   3.022276;87.046669;0.110101;,
   3.184707;88.586769;0.351264;,
   3.100232;85.830132;-0.123489;,
   1.625910;85.144051;-2.720989;,
   1.822775;83.856590;-2.806590;,
   1.404110;85.753548;-2.918316;,
   0.000000;85.718956;-4.206728;,
   -3.022276;87.046669;0.110101;,
   -2.458746;88.291405;-1.649120;,
   -3.184707;88.586777;0.351265;,
   -1.404111;85.753586;-2.918318;,
   0.000000;84.611992;-3.890692;,
   0.000000;83.277924;-3.974664;,
   -1.822775;83.856590;-2.806590;,
   -1.625910;85.144051;-2.720989;,
   -3.022276;87.046669;0.110101;,
   -2.458746;88.291405;-1.649120;,
   2.458746;88.291397;-1.649121;,
   3.022276;87.046669;0.110101;,
   1.822775;83.856590;-2.806590;,
   3.100232;85.830132;-0.123489;,
   1.625910;85.144051;-2.720989;,
   0.000000;84.611992;-3.890692;,
   0.000000;83.277924;-3.974664;,
   -1.822775;83.856590;-2.806590;,
   -1.625910;85.144051;-2.720989;,
   1.822775;83.856590;-2.806590;,
   1.625910;85.144051;-2.720989;,
   2.458746;88.291397;-1.649121;,
   3.184707;88.586769;0.351264;,
   3.022276;87.046669;0.110101;,
   3.100232;85.830132;-0.123489;,
   1.822775;83.856590;-2.806590;,
   1.625910;85.144051;-2.720989;,
   0.000000;85.718956;-4.206728;,
   1.404110;85.753548;-2.918316;,
   -3.022276;87.046669;0.110101;,
   -3.184707;88.586777;0.351265;,
   -2.458746;88.291405;-1.649120;,
   -1.404111;85.753586;-2.918318;,
   0.000000;84.611992;-3.890692;,
   1.625910;85.144051;-2.720989;,
   1.822775;83.856590;-2.806590;,
   -1.822775;83.856590;-2.806590;,
   -1.625910;85.144051;-2.720989;,
   -3.022276;87.046669;0.110101;,
   -2.458746;88.291405;-1.649120;,
   2.458746;88.291397;-1.649121;,
   3.022276;87.046669;0.110101;,
   1.822775;83.856590;-2.806590;,
   1.625910;85.144051;-2.720989;,
   3.100232;85.830132;-0.123489;,
   -1.625910;85.144051;-2.720989;,
   -3.100232;85.830132;-0.123489;,
   -1.822775;83.856590;-2.806590;,
   -2.607526;86.744583;-0.786264;,
   -1.922534;86.877251;-1.712689;,
   -1.822775;83.856590;-2.806590;,
   -1.625910;85.144051;-2.720989;,
   -3.100232;85.830132;-0.123489;,
   -2.572258;86.744583;-0.786264;,
   -1.922534;86.877251;-1.712689;,
   -1.625910;85.144051;-2.720989;,
   -1.822775;83.856590;-2.806590;,
   -3.100232;85.830132;-0.123489;,
   -2.607526;86.744583;-0.786264;,
   -1.922534;86.877251;-1.712689;,
   -1.822775;83.856590;-2.806590;,
   -3.100232;85.830132;-0.123489;,
   -1.625910;85.144051;-2.720989;,
   -2.572258;86.744583;-0.786264;,
   -1.922534;86.877251;-1.712689;,
   1.922534;86.877251;-1.712685;,
   2.572258;86.744583;-0.786264;,
   2.607526;86.744583;-0.786264;,
   1.922534;86.877251;-1.712685;,
   1.922534;86.877251;-1.712685;,
   2.572258;86.744583;-0.786264;,
   1.922534;86.877251;-1.712685;,
   2.607526;86.744583;-0.786264;,
   10.337289;82.011841;-1.929135;,
   9.545865;84.021324;-0.125616;,
   13.825480;83.316635;-1.144031;,
   13.862449;86.729965;0.183021;,
   17.165621;85.427475;0.357433;,
   17.207918;82.368050;-0.709989;,
   20.021942;84.545067;0.517667;,
   20.277136;82.998466;-0.793930;,
   21.752514;84.904236;0.522773;,
   8.579466;85.953217;3.588115;,
   13.696920;88.734497;3.590043;,
   17.180317;86.561813;3.591136;,
   20.253347;85.829147;3.591886;,
   22.200983;86.363571;3.592182;,
   21.727594;84.773026;6.728179;,
   13.925869;86.747803;6.971732;,
   17.224855;85.444107;6.869418;,
   20.038437;84.487602;6.718714;,
   20.241920;82.812927;7.981840;,
   17.299797;82.397247;7.949868;,
   9.545865;84.021324;6.989769;,
   13.915213;83.341843;8.456650;,
   10.337289;82.011841;8.793288;,
   27.533087;78.638924;1.506877;,
   27.941488;78.612442;4.702759;,
   23.205633;78.675056;4.960825;,
   22.865210;78.542297;2.036222;,
   27.212208;81.069305;0.052368;,
   22.498201;81.064735;0.182081;,
   27.006630;83.527138;0.996005;,
   22.651152;83.600433;1.793057;,
   27.360682;83.465469;4.022821;,
   18.478210;78.913544;5.820428;,
   18.009817;78.508698;2.224375;,
   17.675966;81.210663;0.181784;,
   17.915621;83.853424;1.667873;,
   18.384016;84.258278;5.263924;,
   22.990620;83.725159;4.548778;,
   23.332029;81.109879;6.250717;,
   27.914545;80.981544;5.464075;,
   23.205633;78.675056;4.960825;,
   27.941488;78.612442;4.702759;,
   18.707193;81.337776;7.297075;,
   18.478210;78.913544;5.820428;,
   25.977201;80.240479;4.792078;,
   26.773613;78.563446;3.241121;,
   26.234983;80.319824;1.387908;,
   26.927755;82.330513;3.269798;,
   26.773613;78.563446;3.241121;,
   25.977201;80.240479;4.792078;,
   23.659662;79.174652;3.325975;,
   23.749722;80.385185;4.553337;,
   17.580183;80.554253;4.123280;,
   17.431353;79.822708;3.250088;,
   17.574413;80.615013;2.412332;,
   23.733482;80.360085;1.844697;,
   26.234983;80.319824;1.387908;,
   23.821819;81.583832;3.081222;,
   17.586855;81.260773;3.189218;,
   12.477675;82.120514;3.211972;,
   11.592585;80.517830;4.922154;,
   26.927755;82.330513;3.269798;,
   11.266807;80.708832;1.512142;,
   10.505524;82.686493;3.367926;,
   9.844753;80.531120;4.902063;,
   11.255321;79.385452;3.134321;,
   9.745980;80.662369;1.729923;,
   9.161396;81.159302;3.341890;,
   35.695980;83.116249;-1.463052;,
   35.616085;84.664970;1.358223;,
   41.096752;84.503586;0.366575;,
   40.525764;79.573654;0.790895;,
   40.743977;81.065384;2.771075;,
   36.939499;79.574310;1.511232;,
   36.665615;80.777557;3.897864;,
   40.807529;83.191940;3.643328;,
   35.879604;83.574860;4.274243;,
   35.616085;84.664970;1.358223;,
   41.096752;84.503586;0.366575;,
   40.525764;79.573654;0.790895;,
   36.939499;79.574310;1.511232;,
   36.676289;80.332710;-0.718273;,
   40.793453;80.407990;-1.163432;,
   40.637405;82.504517;-2.352509;,
   36.676289;80.332710;-0.718273;,
   36.939499;79.574310;1.511232;,
   33.062927;78.396149;1.490185;,
   31.764158;79.763039;-1.266640;,
   35.695980;83.116249;-1.463052;,
   29.442720;83.364449;-1.265590;,
   35.616085;84.664970;1.358223;,
   29.312136;85.478790;1.992700;,
   29.680574;83.816635;4.920871;,
