xof 0303txt 0032
template VertexDuplicationIndices {
 <b8d65549-d7c9-4995-89cf-53a9a8b031e3>
 DWORD nIndices;
 DWORD nOriginalVertices;
 array DWORD indices[nIndices];
}

template EffectParamDWord {
 <e13963bc-ae51-4c5d-b00f-cfa3a9d97ce5>
 STRING ParamName;
 DWORD Value;
}

template FVFData {
 <b6e70a0e-8ef9-4e83-94ad-ecc8b0c04897>
 DWORD dwFVF;
 DWORD nDWords;
 array DWORD data[nDWords];
}

template EffectFloats {
 <f1cfe2b3-0de3-4e28-afa1-155a750a282d>
 DWORD nFloats;
 array FLOAT Floats[nFloats];
}

template EffectString {
 <d55b097e-bdb6-4c52-b03d-6051c89d0e42>
 STRING Value;
}

template EffectDWord {
 <622c0ed0-956e-4da9-908a-2af94f3ce716>
 DWORD Value;
}

template EffectInstance {
 <e331f7e4-0559-4cc2-8e99-1cec1657928f>
 STRING EffectFilename;
 [...]
}

template AnimTicksPerSecond {
 <9e415a43-7ba6-4a73-8743-b73d47e88476>
 DWORD AnimTicksPerSecond;
}

template VertexElement {
 <f752461c-1e23-48f6-b9f8-8350850f336f>
 DWORD Type;
 DWORD Method;
 DWORD Usage;
 DWORD UsageIndex;
}

template DeclData {
 <bf22e553-292c-4781-9fea-62bd554bdd93>
 DWORD nElements;
 array VertexElement Elements[nElements];
 DWORD nDWords;
 array DWORD data[nDWords];
}

template EffectParamFloats {
 <3014b9a0-62f5-478c-9b86-e4ac9f4e418b>
 STRING ParamName;
 DWORD nFloats;
 array FLOAT Floats[nFloats];
}

template EffectParamString {
 <1dbc4c88-94c1-46ee-9076-2c28818c9481>
 STRING ParamName;
 STRING Value;
}


AnimTicksPerSecond {
 4800;
}

Frame {
 

 FrameTransformMatrix {
  1.000000,0.000000,0.000000,0.000000,0.000000,1.000000,0.000000,0.000000,0.000000,0.000000,1.000000,0.000000,0.000000,0.000000,0.000000,1.000000;;
 }

 Frame Pelvis {
  

  FrameTransformMatrix {
   0.509107,0.811857,-0.285827,0.000000,-0.840920,0.539968,0.035889,0.000000,0.183474,0.222087,0.957609,0.000000,1.987222,12.423333,8.328335,1.000000;;
  }

  Frame Spine1 {
   

   FrameTransformMatrix {
    0.344140,0.721872,-0.600390,0.000000,-0.910195,0.413448,-0.024614,0.000000,0.230462,0.554943,0.799328,0.000000,0.000000,4.185790,0.561302,1.000000;;
   }

   Frame Spine2 {
    

    FrameTransformMatrix {
     0.707168,-0.052754,-0.705074,0.000000,-0.630864,0.403196,-0.662905,0.000000,0.319254,0.913592,0.251847,0.000000,0.000002,8.099072,2.277594,1.000000;;
    }

    Frame Spine3 {
     

     FrameTransformMatrix {
      1.000000,0.000000,0.000000,0.000000,0.000000,1.000000,0.000000,0.000000,0.000000,0.000000,1.000000,0.000000,0.000000,10.121544,1.677868,1.000000;;
     }

     Frame Neck {
      

      FrameTransformMatrix {
       0.900884,-0.432358,0.038422,0.000000,0.426648,0.898310,0.104926,0.000000,-0.079880,-0.078133,0.993737,0.000000,0.000000,5.489214,-0.371738,1.000000;;
      }

      Frame Head {
       

       FrameTransformMatrix {
        0.665632,0.460105,-0.587569,0.000000,-0.103435,0.836610,0.537944,0.000000,0.739078,-0.297298,0.604465,0.000000,-0.041499,5.201349,-1.408585,1.000000;;
       }

       Frame Jaw {
        

        FrameTransformMatrix {
         0.979828,0.117783,0.161435,0.000000,-0.081518,0.973154,-0.215241,0.000000,-0.182453,0.197739,0.963125,0.000000,0.000002,0.560492,-2.804729,1.000000;;
        }
       }
      }
     }

     Frame left_collar {
      

      FrameTransformMatrix {
       0.982387,-0.063964,0.175576,0.000000,-0.033282,0.864674,0.501228,0.000000,-0.183876,-0.498243,0.847314,0.000000,1.759838,3.732962,-2.376562,1.000000;;
      }

      Frame left_shoulder {
       

       FrameTransformMatrix {
        0.397812,0.346109,-0.849682,0.000000,0.611827,0.590042,0.526798,0.000000,0.683676,-0.729423,0.022967,0.000000,6.985964,-1.821890,0.000000,1.000000;;
       }

       Frame left_elbow {
        

        FrameTransformMatrix {
         0.694640,-0.000003,-0.719361,0.000000,0.000003,1.000000,-0.000001,0.000000,0.719356,-0.000001,0.694636,0.000000,17.635815,0.000000,0.000034,1.000000;;
        }

        Frame left_wrist {
         

         FrameTransformMatrix {
          0.956110,-0.017443,0.292501,0.000000,-0.273078,0.308883,0.911043,0.000000,-0.106241,-0.950944,0.290566,0.000000,15.735542,0.000000,0.000039,1.000000;;
         }

         Frame left_thumb1 {
          

          FrameTransformMatrix {
           0.976713,-0.154223,-0.149307,0.000000,0.117528,0.966222,-0.229209,0.000000,0.179617,0.206328,0.961866,0.000000,1.037865,-0.008160,-2.259791,1.000000;;
          }

          Frame left_thumb2 {
           

           FrameTransformMatrix {
            0.333581,-0.400125,-0.853678,0.000000,0.555694,-0.647888,0.520811,0.000000,-0.761523,-0.648155,0.006224,0.000000,2.121090,-0.083301,-1.403708,1.000000;;
           }
          }
         }

         Frame left_index1 {
          

          FrameTransformMatrix {
           -0.026519,-0.000006,-0.999671,0.000000,0.515280,-0.856874,-0.013664,0.000000,-0.856610,-0.515483,0.022728,0.000000,4.136436,0.572730,-1.427063,1.000000;;
          }

          Frame left_index2 {
           

           FrameTransformMatrix {
            0.999059,-0.044310,0.000088,0.000000,0.031635,0.714671,0.698668,0.000000,-0.031022,-0.698026,0.715418,0.000000,0.000000,2.407730,0.000000,1.000000;;
           }
          }
         }

         Frame left_weapon {
          

          FrameTransformMatrix {
           1.000023,0.000000,0.000000,0.000000,0.000000,0.999967,0.000000,0.000000,0.000000,0.000000,1.000010,0.000000,3.695374,-1.278757,0.000021,1.000000;;
          }
         }
        }

        Frame left_shield {
         

         FrameTransformMatrix {
          0.925463,-0.306979,-0.222016,0.000000,0.295825,0.951645,-0.082697,0.000000,0.236669,0.010855,0.971535,0.000000,9.887285,1.442585,0.000002,1.000000;;
         }
        }
       }
      }
     }

     Frame right_collar {
      

      FrameTransformMatrix {
       0.945798,-0.294917,-0.135988,0.000000,0.267007,0.944511,-0.191325,0.000000,0.184867,0.144644,0.972060,0.000000,-1.759844,3.732963,-2.376562,1.000000;;
      }

      Frame right_shoulder {
       

       FrameTransformMatrix {
        0.395934,-0.666845,-0.631316,0.000000,0.383794,-0.504400,0.773486,0.000000,-0.834228,-0.548542,0.056221,0.000000,-6.985962,-1.821890,0.000000,1.000000;;
       }

       Frame right_elbow {
        

        FrameTransformMatrix {
         1.000005,0.000000,0.000000,0.000000,0.000000,0.999999,0.000000,0.000000,0.000000,0.000000,0.999996,0.000000,-17.635815,0.000001,0.000015,1.000000;;
        }

        Frame right_wrist {
         

         FrameTransformMatrix {
          0.226690,0.236521,-0.944817,0.000000,-0.497476,0.862093,0.096453,0.000000,0.837334,0.448160,0.313092,0.000000,-15.735542,0.000001,0.000015,1.000000;;
         }

         Frame right_thumb1 {
          

          FrameTransformMatrix {
           0.844440,0.535127,-0.023733,0.000000,-0.170817,0.227031,-0.958783,0.000000,-0.507688,0.813697,0.283126,0.000000,-1.037849,-0.008160,-2.259811,1.000000;;
          }

          Frame right_thumb2 {
           

           FrameTransformMatrix {
            -0.000405,0.129685,0.991551,0.000000,-0.895884,-0.440583,0.057257,0.000000,0.444290,-0.888299,0.116363,0.000000,-2.121088,-0.083301,-1.403713,1.000000;;
           }
          }
         }

         Frame right_index1 {
          

          FrameTransformMatrix {
           -0.026542,0.000014,0.999650,0.000000,-0.676632,-0.736091,-0.017955,0.000000,0.735841,-0.676879,0.019547,0.000000,-4.136436,0.572731,-1.427067,1.000000;;
          }

          Frame right_index2 {
           

           FrameTransformMatrix {
            0.999033,0.044283,-0.000153,0.000000,0.001256,-0.024879,0.999672,0.000000,0.044265,-0.998712,-0.024910,0.000000,0.000001,2.407725,0.000000,1.000000;;
           }
          }
         }

         Frame right_weapon {
          

          FrameTransformMatrix {
           1.000002,0.000000,0.000000,0.000000,0.000000,0.999992,0.000000,0.000000,0.000000,0.000000,1.000005,0.000000,-3.328825,-1.397076,0.119202,1.000000;;
          }
         }
        }
       }
      }
     }
    }
   }
  }

  Frame left_thigh {
   

   FrameTransformMatrix {
    0.089295,-0.869764,0.485322,0.000000,-0.454045,0.398145,0.797072,0.000000,-0.886493,-0.291532,-0.359360,0.000000,7.090833,-6.827027,-0.160378,1.000000;;
   }

   Frame left_knee {
    

    FrameTransformMatrix {
     1.000000,0.000000,-0.000000,0.000000,-0.000000,-0.789420,-0.613853,0.000000,0.000000,0.613853,-0.789420,0.000000,0.000000,-22.829426,-1.892135,1.000000;;
    }

    Frame left_ankle {
     

     FrameTransformMatrix {
      0.951280,0.263439,0.160208,0.000000,-0.287354,0.569120,0.770409,0.000000,0.111778,-0.778911,0.617093,0.000000,-0.000003,-22.209196,1.270803,1.000000;;
     }

     Frame left_ball {
      

      FrameTransformMatrix {
       1.000000,0.000000,0.000000,0.000000,0.000000,1.000000,0.000000,0.000000,0.000000,0.000000,1.000000,0.000000,0.000000,-3.209305,-8.003258,1.000000;;
      }
     }
    }
   }
  }

  Frame right_thigh {
   

   FrameTransformMatrix {
    -0.253353,-0.647239,-0.718953,0.000000,0.967230,-0.156667,-0.199803,0.000000,0.016684,-0.746014,0.665721,0.000000,-6.893534,-6.827029,-0.160378,1.000000;;
   }

   Frame right_knee {
    

    FrameTransformMatrix {
     1.000000,0.000000,-0.000000,0.000000,-0.000000,0.757409,-0.652941,0.000000,0.000000,0.652941,0.757409,0.000000,-0.000001,-22.829468,-1.892134,1.000000;;
    }

    Frame right_ankle {
     

     FrameTransformMatrix {
      0.803082,0.589236,-0.088670,0.000000,-0.520075,0.620496,-0.586947,0.000000,-0.290830,0.517481,0.804754,0.000000,-0.000002,-22.209152,1.270802,1.000000;;
     }

     Frame right_ball {
      

      FrameTransformMatrix {
       1.000001,0.000000,0.000000,0.000000,0.000000,0.998951,0.045793,0.000000,0.000000,-0.045793,0.998950,0.000000,0.000000,-3.209309,-8.003256,1.000000;;
      }
     }
    }
   }
  }
 }

 Frame A_decap_mat {
  

  FrameTransformMatrix {
   1.000000,0.000000,0.000000,0.000000,0.000000,1.000000,0.000000,0.000000,0.000000,0.000000,1.000000,0.000000,0.000000,0.000000,0.000000,1.000000;;
  }

  Mesh A_decap_mat {
   2766;
   1.737755;86.563530;-3.502743;,
   -1.737755;86.563530;-3.502744;,
   -0.000000;86.100266;-4.738465;,
   -1.855183;88.321724;-3.186265;,
   1.855182;88.321724;-3.186264;,
   3.329844;88.377670;-2.200743;,
   -3.329845;88.377670;-2.200743;,
   4.028793;89.236397;0.236506;,
   -4.028793;89.236412;0.236506;,
   -4.089524;92.477600;0.866273;,
   -2.737777;93.098755;-2.025997;,
   -3.781207;90.175171;0.459004;,
   -2.931792;90.893349;-3.001511;,
   -2.891368;90.149605;-2.858705;,
   -3.329845;88.377670;-2.200743;,
   -4.028793;89.236412;0.236506;,
   4.089524;92.477615;0.866273;,
   3.781206;90.175171;0.459004;,
   2.737777;93.098755;-2.025997;,
   2.931792;90.893349;-3.001510;,
   2.891367;90.149605;-2.858704;,
   3.329844;88.377670;-2.200743;,
   4.028793;89.236397;0.236506;,
   2.918273;92.387581;-4.952002;,
   2.190461;94.523117;-5.784972;,
   1.672484;93.115028;-6.303542;,
   4.460666;92.968948;-2.564427;,
   2.830517;95.749908;-3.471594;,
   0.000000;97.034103;-3.802379;,
   -0.000000;95.197365;-6.208513;,
   -0.000000;92.085037;-7.446416;,
   -1.672488;93.115028;-6.303541;,
   3.245727;90.034935;-3.563030;,
   5.076603;88.699997;0.492519;,
   4.585685;93.855240;1.284463;,
   3.262561;96.730133;0.852989;,
   0.000000;98.318497;0.105965;,
   4.722209;86.839317;-2.757123;,
   6.496155;86.625992;1.462696;,
   3.288415;89.743782;4.908487;,
   3.517774;94.703430;4.534852;,
   0.000002;97.547684;5.509949;,
   4.179474;82.536629;-4.234704;,
   7.061230;85.237694;1.698360;,
   4.656887;86.229195;7.267253;,
   0.000000;88.109955;6.666325;,
   0.000000;89.988274;7.605261;,
   -0.000000;92.866776;6.349813;,
   2.782656;80.892441;-2.837181;,
   4.635336;84.277596;3.214689;,
   5.313433;84.254494;7.146642;,
   -0.000000;82.823547;9.325426;,
   -0.000001;85.476875;9.983695;,
   -4.656887;86.229195;7.267252;,
   -3.288415;89.743782;4.908487;,
   2.474857;82.088562;7.772792;,
   -0.000000;81.545441;8.327938;,
   -2.474847;82.088554;7.772789;,
   -5.313433;84.254494;7.146641;,
   -4.635318;84.277596;3.214689;,
   -7.061231;85.237694;1.698360;,
   -6.496155;86.625999;1.462696;,
   -5.076603;88.699997;0.492519;,
   -4.585685;93.855240;1.284462;,
   -3.517771;94.703430;4.534853;,
   -2.782647;80.892448;-2.837182;,
   -4.179476;82.536629;-4.234705;,
   -4.722210;86.839317;-2.757123;,
   -3.245727;90.034935;-3.563030;,
   -4.460666;92.968956;-2.564429;,
   -3.262559;96.730133;0.852989;,
   -2.830517;95.749908;-3.471595;,
   -2.918274;92.387581;-4.952000;,
   -2.190462;94.523125;-5.784973;,
   2.918273;92.387589;-4.952002;,
   1.672484;93.115036;-6.303542;,
   2.190461;94.523125;-5.784973;,
   -0.000000;95.197365;-6.208514;,
   -0.000000;97.034103;-3.802380;,
   2.830518;95.749908;-3.471595;,
   4.460666;92.968956;-2.564429;,
   3.245727;90.034935;-3.563032;,
   0.000000;92.085037;-7.446415;,
   -1.672487;93.115036;-6.303542;,
   -2.190462;94.523125;-5.784973;,
   -2.830518;95.749908;-3.471595;,
   -0.000000;98.318497;0.105964;,
   3.262561;96.730133;0.852988;,
   -2.918274;92.387589;-4.952002;,
   -4.460666;92.968956;-2.564429;,
   -3.262561;96.730133;0.852988;,
   -0.000000;97.547684;5.509949;,
   3.517773;94.703430;4.534852;,
   4.585685;93.855240;1.284461;,
   -3.245727;90.034935;-3.563032;,
   -5.076603;88.699997;0.492519;,
   -4.585685;93.855240;1.284461;,
   -3.517773;94.703430;4.534852;,
   0.000000;92.866776;6.349814;,
   3.288415;89.743782;4.908487;,
   -4.722210;86.839317;-2.757123;,
   -6.496156;86.625992;1.462696;,
   -3.288415;89.743782;4.908487;,
   0.000000;89.988281;7.605263;,
   -4.179475;82.536629;-4.234704;,
   -7.061231;85.237694;1.698360;,
   -4.656888;86.229195;7.267252;,
   0.000000;88.109955;6.666327;,
   -2.782646;80.892448;-2.837181;,
   -4.635318;84.277596;3.214689;,
   -5.313433;84.254494;7.146641;,
   0.000000;82.823547;9.325426;,
   0.000000;85.476875;9.983695;,
   4.656888;86.229195;7.267252;,
   -2.474848;82.088562;7.772791;,
   -0.000000;81.545441;8.327939;,
   2.474856;82.088562;7.772791;,
   5.313433;84.254494;7.146641;,
   4.635335;84.277596;3.214689;,
   7.061231;85.237694;1.698360;,
   6.496156;86.625992;1.462696;,
   5.076603;88.699997;0.492519;,
   2.782655;80.892448;-2.837181;,
   4.179474;82.536629;-4.234704;,
   4.722210;86.839317;-2.757123;,
   -1.705330;93.098595;-4.008811;,
   -0.000000;93.098175;-4.337868;,
   -2.099842;91.512894;-4.545813;,
   -0.000000;90.619522;-4.421186;,
   -0.785313;90.510521;-4.018775;,
   -1.953841;91.112587;-4.201461;,
   -2.931792;90.893349;-3.001511;,
   -2.737777;93.098755;-2.025997;,
   2.099842;91.512909;-4.545813;,
   0.785313;90.510521;-4.018777;,
   0.895557;89.848877;-3.863495;,
   -0.000000;89.818169;-5.063914;,
   -0.895558;89.848877;-3.863495;,
   1.705330;93.098595;-4.008811;,
   2.737777;93.098755;-2.025997;,
   2.931792;90.893349;-3.001510;,
   1.953835;91.112587;-4.201463;,
   1.560209;91.313469;-1.229995;,
   1.794724;89.583572;-3.333019;,
   1.824936;88.919189;-3.572530;,
   0.651034;88.439903;-4.248449;,
   2.891367;90.149605;-2.858704;,
   3.329844;88.377670;-2.200743;,
   1.855182;88.321724;-3.186264;,
   0.734675;87.263161;-4.366813;,
   -0.000000;87.957100;-4.419986;,
   -0.651035;88.439888;-4.248449;,
   1.737755;86.563530;-3.502743;,
   -0.000000;86.100266;-4.738465;,
   -0.000000;87.220619;-4.710117;,
   -0.734676;87.263138;-4.366813;,
   -1.855183;88.321724;-3.186265;,
   -1.824937;88.919189;-3.572530;,
   -1.737755;86.563530;-3.502744;,
   -3.329845;88.377670;-2.200743;,
   -2.891368;90.149605;-2.858705;,
   -1.794724;89.583572;-3.333019;,
   -1.560210;91.313469;-1.229995;,
   2.458746;88.291397;-1.649108;,
   3.022276;87.046669;0.110110;,
   3.184707;88.586769;0.351273;,
   2.572259;86.744583;-0.786256;,
   3.100232;85.830132;-0.123478;,
   1.625910;85.144051;-2.720978;,
   1.822774;83.856590;-2.806577;,
   -0.000426;84.611992;-3.890684;,
   -0.000000;83.277924;-3.974657;,
   1.922535;86.877258;-1.712673;,
   -1.822774;83.856598;-2.806577;,
   -1.625910;85.144051;-2.720979;,
   -3.100231;85.830154;-0.123476;,
   -2.607526;86.744583;-0.786257;,
   -3.022275;87.046669;0.110111;,
   -2.458746;88.291405;-1.649109;,
   -3.184707;88.586777;0.351271;,
   -1.404110;85.753555;-2.918311;,
   -0.000000;85.718956;-4.206719;,
   1.404110;85.753540;-2.918309;,
   -1.922535;86.877258;-1.712682;,
   2.458746;88.291397;-1.649109;,
   3.184707;88.586769;0.351271;,
   3.022276;87.046669;0.110109;,
   2.572258;86.744583;-0.786257;,
   1.922534;86.877251;-1.712674;,
   1.625910;85.144051;-2.720978;,
   3.100232;85.830132;-0.123478;,
   1.822775;83.856590;-2.806577;,
   -0.000426;84.611992;-3.890685;,
   1.404110;85.753548;-2.918312;,
   0.000000;85.718956;-4.206721;,
   -1.404110;85.753548;-2.918311;,
   -1.625910;85.144051;-2.720978;,
   0.000000;83.277924;-3.974657;,
   -1.822775;83.856590;-2.806577;,
   -3.100232;85.830132;-0.123478;,
   -2.607526;86.744583;-0.786258;,
   -1.922534;86.877251;-1.712682;,
   -2.458746;88.291405;-1.649109;,
   -3.022276;87.046669;0.110109;,
   -3.184707;88.586777;0.351271;,
   27.533087;77.890282;1.506874;,
   27.941488;77.863800;4.702755;,
   23.205610;77.926338;4.960818;,
   22.865210;77.793671;2.036217;,
   27.212208;80.320679;0.052365;,
   22.498201;80.316078;0.182082;,
   27.006630;82.778503;0.995999;,
   22.651152;82.851791;1.793056;,
   27.360682;82.716812;4.022819;,
   18.478210;78.164909;5.820428;,
   18.009809;77.760010;2.224367;,
   17.675961;80.461983;0.181783;,
   17.915615;83.104767;1.667867;,
   18.384016;83.509651;5.263919;,
   22.990620;82.976524;4.548775;,
   23.332026;80.361214;6.250709;,
   27.914545;80.232910;5.464068;,
   23.205610;77.926338;4.960818;,
   27.941488;77.863800;4.702755;,
   18.707174;80.589058;7.297064;,
   18.478210;78.164909;5.820428;,
   25.977201;80.240479;4.792089;,
   26.773613;78.563446;3.241131;,
   26.234983;80.319824;1.387915;,
   26.927755;82.330513;3.269803;,
   26.773613;78.563446;3.241131;,
   25.977201;80.240479;4.792089;,
   23.659662;79.174652;3.325980;,
   23.749722;80.385185;4.553345;,
   17.580183;80.554253;4.123285;,
   17.431353;79.822708;3.250093;,
   17.574413;80.615013;2.412338;,
   23.733482;80.360085;1.844706;,
   26.234983;80.319824;1.387915;,
   23.821819;81.583832;3.081228;,
   17.586855;81.260773;3.189226;,
   12.477674;82.120506;3.211983;,
   11.592585;80.517830;4.922163;,
   26.927755;82.330513;3.269803;,
   11.266803;80.708801;1.512151;,
   10.505524;82.686493;3.367937;,
   9.844753;80.531120;4.902071;,
   11.255314;79.385406;3.134325;,
   9.745980;80.662369;1.729934;,
   9.161396;81.159302;3.341895;,
   28.281670;84.769135;-0.006834;,
   29.048326;84.986557;3.040011;,
   25.473942;84.392822;0.578142;,
   25.721666;84.540718;3.670366;,
   29.604912;84.705521;5.626143;,
   25.215786;83.206917;5.545684;,
   28.273432;80.892715;7.999009;,
   23.792358;80.117882;8.753582;,
   25.811588;78.032852;5.545692;,
   30.399502;77.457069;5.626143;,
   26.709614;76.948242;3.670366;,
   32.310291;81.656075;8.477374;,
   30.036257;77.394096;3.040011;,
   26.700184;76.954445;0.225706;,
   29.387623;77.314636;-0.348751;,
   28.281670;84.769135;-0.006834;,
   25.473942;84.392822;0.578143;,
   29.048326;84.986557;3.040011;,
   25.721666;84.540718;3.670366;,
   29.604912;84.705521;5.626143;,
   25.215786;83.206917;5.545684;,
   28.273432;80.892715;7.999009;,
   32.310291;81.656075;8.477374;,
   30.399502;77.457069;5.626143;,
   25.811588;78.032852;5.545692;,
   26.709614;76.948242;3.670366;,
   30.036257;77.394096;3.040011;,
   23.792358;80.117882;8.753582;,
   26.700184;76.954445;0.225707;,
   29.387623;77.314636;-0.348751;,
   40.525749;78.824989;0.790896;,
   40.743977;80.316765;2.771080;,
   36.939499;78.825691;1.511231;,
   36.665615;80.028931;3.897867;,
   40.807529;82.443314;3.643327;,
   35.879604;82.826225;4.274243;,
   35.616085;83.916336;1.358230;,
   41.096752;83.754967;0.366580;,
   35.695980;82.367615;-1.463046;,
   40.637405;81.755890;-2.352510;,
   36.676250;79.584007;-0.718268;,
   40.793453;79.659363;-1.163426;,
   40.525749;78.824989;0.790896;,
   36.939499;78.825691;1.511231;,
   36.676250;79.584007;-0.718268;,
   36.939499;78.825691;1.511231;,
   33.062927;77.647499;1.490185;,
   31.764158;79.014412;-1.266641;,
   35.695980;82.367615;-1.463046;,
   29.442703;82.615761;-1.265586;,
   35.616085;83.916336;1.358230;,
   29.312136;84.730164;1.992703;,
   29.680553;83.067963;4.920870;,
   35.879604;82.826225;4.274243;,
   31.676466;79.370125;5.298889;,
   36.665615;80.028931;3.897867;,
   33.062927;77.647499;1.490185;,
   36.939499;78.825691;1.511231;,
   26.722498;80.980904;1.653773;,
   27.049906;81.585838;4.700091;,
   26.458403;82.705788;3.181460;,
   26.969574;79.514511;3.685974;,
   33.027096;81.623009;3.134342;,
   32.479481;83.423866;3.455485;,
   27.928076;82.222404;2.959553;,
   26.458403;82.705788;3.181460;,
   33.022415;81.476318;2.005588;,
   32.638184;82.858047;2.345267;,
   33.062927;77.647499;1.490185;,
   31.676466;79.370125;5.298889;,
   32.560364;81.978394;1.793872;,
   29.680553;83.067963;4.920870;,
   29.312136;84.730164;1.992703;,
   29.442703;82.615761;-1.265586;,
   31.764158;79.014412;-1.266641;,
   41.096752;83.754967;0.366580;,
   40.844074;81.598915;0.595546;,
   40.637405;81.755890;-2.352510;,
   40.807529;82.443314;3.643327;,
   40.743977;80.316765;2.771080;,
   40.525749;78.824989;0.790896;,
   40.793453;79.659363;-1.163426;,
   -25.977209;80.240479;4.792089;,
   -26.234976;80.319824;1.387915;,
   -26.773621;78.563446;3.241132;,
   -26.927763;82.330513;3.269803;,
   -26.773621;78.563446;3.241132;,
   -23.659662;79.174652;3.325982;,
   -25.977209;80.240479;4.792089;,
   -26.234976;80.319824;1.387915;,
   -23.733482;80.360085;1.844706;,
   -17.574413;80.615013;2.412338;,
   -17.431353;79.822708;3.250093;,
   -17.580183;80.554253;4.123285;,
   -23.749722;80.385185;4.553345;,
   -23.821812;81.583832;3.081228;,
   -17.586855;81.260773;3.189226;,
   -12.477674;82.120506;3.211983;,
   -11.266803;80.708801;1.512151;,
   -26.927763;82.330513;3.269803;,
   -11.592585;80.517830;4.922163;,
   -10.505524;82.686493;3.367937;,
   -9.745980;80.662369;1.729934;,
   -11.255314;79.385406;3.134325;,
   -9.844753;80.531120;4.902071;,
   -9.161396;81.159302;3.341895;,
   -41.075493;78.396492;-79.059097;,
   -40.961040;78.740387;-75.254341;,
   -36.232292;78.305496;-78.399635;,
   -37.847805;78.820190;-72.300842;,
   -33.900017;78.569283;-69.347382;,
   -31.954725;78.201683;-74.499023;,
   -28.702768;78.110504;-69.795906;,
   -31.255215;78.451469;-59.520424;,
   -26.779858;78.002350;-59.341175;,
   -29.212479;77.979507;-49.966232;,
   -36.648083;78.929924;-68.756393;,
   -35.136215;78.821060;-59.595875;,
   -33.808205;78.437790;-51.018158;,
   -32.397167;78.003441;-45.317909;,
   -37.645359;78.473137;-45.787926;,
   -36.216312;78.051506;-42.483887;,
   -40.642273;78.121262;-41.192329;,
   -39.205994;79.159836;-63.250202;,
   -39.324104;79.147148;-56.928558;,
   -36.910290;78.813164;-51.565174;,
   -45.171349;79.343231;-62.501534;,
   -45.154564;79.343330;-57.207218;,
   -41.075493;78.396492;-79.059097;,
   -36.232292;78.305496;-78.399635;,
   -40.969929;77.994911;-75.258469;,
   -37.860435;77.762497;-72.306725;,
   -33.908813;77.830849;-69.351479;,
   -36.664425;77.559982;-68.764030;,
   -35.152145;77.485512;-59.603249;,
   -39.227661;77.343590;-63.260296;,
   -39.346485;77.271187;-56.938972;,
   -45.171566;77.224701;-62.502388;,
   -31.954725;78.201683;-74.499023;,
   -28.702768;78.110504;-69.795906;,
   -31.263996;77.715515;-59.524487;,
   -33.817005;77.700111;-51.022251;,
   -36.926632;77.443214;-51.572803;,
   -26.779858;78.002350;-59.341175;,
   -29.212479;77.979507;-49.966232;,
   -32.397167;78.003441;-45.317909;,
   -37.654263;77.727661;-45.792088;,
   -36.216312;78.051506;-42.483887;,
   -40.642273;78.121262;-41.192329;,
   -45.155006;77.172150;-57.212883;,
   -45.171566;77.224701;-62.502388;,
   -45.171349;79.343231;-62.501534;,
   -39.227661;77.343590;-63.260296;,
   -39.205994;79.159836;-63.250202;,
   -36.648083;78.929924;-68.756393;,
   -36.664425;77.559982;-68.764030;,
   -37.860435;77.762497;-72.306725;,
   -37.847805;78.820190;-72.300842;,
   -40.969929;77.994911;-75.258469;,
   -40.961040;78.740387;-75.254341;,
   -41.075493;78.396492;-79.059097;,
   -40.642273;78.121262;-41.192329;,
   -37.645359;78.473137;-45.787926;,
   -37.654263;77.727661;-45.792088;,
   -36.926632;77.443214;-51.572803;,
   -36.910290;78.813164;-51.565174;,
   -39.346485;77.271187;-56.938972;,
   -39.324104;79.147148;-56.928558;,
   -45.155006;77.172150;-57.212883;,
   -45.154564;79.343330;-57.207218;,
   -52.866131;78.198296;-78.828812;,
   -57.709324;78.107300;-78.169357;,
   -52.980579;78.542206;-75.024055;,
   -56.093815;78.622017;-72.070557;,
   -60.041607;78.371094;-69.117088;,
   -57.293537;78.731735;-68.526093;,
   -58.805408;78.622887;-59.365593;,
   -54.735626;78.961655;-63.019917;,
   -54.617519;78.948959;-56.698273;,
   -48.969406;79.294952;-62.426182;,
   -61.986900;78.003510;-74.268738;,
   -65.238853;77.912308;-69.565613;,
   -48.883823;79.263397;-57.145535;,
   -57.031326;78.614975;-51.334892;,
   -60.133415;78.239586;-50.787872;,
   -56.296265;78.274956;-45.557640;,
   -61.544456;77.805252;-45.087631;,
   -57.725307;77.853317;-42.253597;,
   -53.299347;77.923103;-40.962044;,
   -62.686409;78.253288;-59.290146;,
   -64.729141;77.781319;-49.735943;,
   -65.238853;77.912308;-69.565613;,
   -67.161766;77.804176;-59.110901;,
   -52.866131;78.198296;-78.828812;,
   -52.971695;77.796738;-75.028175;,
   -57.709324;78.107300;-78.169357;,
   -56.081184;77.564301;-72.076447;,
   -60.032806;77.632660;-69.121185;,
   -61.986900;78.003510;-74.268738;,
   -65.238853;77.912308;-69.565613;,
   -57.277199;77.361809;-68.533745;,
   -58.789478;77.287331;-59.372971;,
   -62.677628;77.517357;-59.294197;,
   -65.238853;77.912308;-69.565613;,
   -67.161766;77.804176;-59.110901;,
   -64.729141;77.781319;-49.735943;,
   -54.713959;77.145416;-63.030010;,
   -54.595154;77.073006;-56.708694;,
   -57.014992;77.245033;-51.342522;,
   -60.124619;77.501938;-50.791969;,
   -61.544456;77.805252;-45.087631;,
   -56.287361;77.529472;-45.561810;,
   -57.725307;77.853317;-42.253597;,
   -48.942081;77.005539;-62.440563;,
   -48.856503;76.973976;-57.159874;,
   -53.299347;77.923103;-40.962044;,
   -48.942081;77.005539;-62.440563;,
   -54.713959;77.145416;-63.030010;,
   -48.969406;79.294952;-62.426182;,
   -54.735626;78.961655;-63.019917;,
   -57.293537;78.731735;-68.526093;,
   -57.277199;77.361809;-68.533745;,
   -56.081184;77.564301;-72.076447;,
   -56.093815;78.622017;-72.070557;,
   -52.971695;77.796738;-75.028175;,
   -52.980579;78.542206;-75.024055;,
   -52.866131;78.198296;-78.828812;,
   -53.299347;77.923103;-40.962044;,
   -56.287361;77.529472;-45.561810;,
   -56.296265;78.274956;-45.557640;,
   -57.014992;77.245033;-51.342522;,
   -57.031326;78.614975;-51.334892;,
   -54.595154;77.073006;-56.708694;,
   -54.617519;78.948959;-56.698273;,
   -48.856503;76.973976;-57.159874;,
   -48.883823;79.263397;-57.145535;,
   -45.882278;77.695534;18.891930;,
   -45.947296;79.602287;16.282974;,
   -48.055717;77.672897;16.322504;,
   -43.793770;77.749527;16.219746;,
   -46.392654;79.451057;-11.430508;,
   -48.055717;77.672897;16.322504;,
   -45.902195;75.820129;16.259289;,
   -46.355083;76.302574;-11.450220;,
   -44.812679;77.904877;-11.478012;,
   -47.935074;77.848740;-11.402728;,
   -48.352089;78.058289;-46.038177;,
   -46.912048;76.147324;-46.084473;,
   -45.518234;78.109238;-46.106510;,
   -46.958241;80.020218;-46.060215;,
   -45.518234;78.109238;-46.106510;,
   -46.912048;76.147324;-46.084473;,
   -45.155006;77.172150;-57.212883;,
   -46.926529;76.157890;-57.248077;,
   -47.034000;76.188431;-62.430565;,
   -45.171566;77.224701;-62.502388;,
   -47.126118;76.565392;-66.625252;,
   -45.384125;78.240372;-66.657318;,
   -45.171349;79.343231;-62.501534;,
   -48.856503;76.973976;-57.159874;,
   -48.942081;77.005539;-62.440563;,
   -48.846104;78.178146;-66.573921;,
   -47.194202;78.238434;-71.495773;,
   -47.165337;79.852043;-66.604591;,
   -48.352089;78.058289;-46.038177;,
   -48.883823;79.263397;-57.145535;,
   -46.958241;80.020218;-46.060215;,
   -46.974136;80.148972;-57.223072;,
   -48.969406;79.294952;-62.426182;,
   -47.081612;80.179543;-62.405521;,
   -45.154564;79.343330;-57.207218;,
   15.549336;24.169891;4.705759;,
   15.327907;26.062672;3.192417;,
   12.823433;25.619888;0.554713;,
   13.615317;27.828375;0.040680;,
   10.647699;24.517731;-3.973713;,
   10.507618;21.342197;-2.286383;,
   7.504580;23.853420;-5.846036;,
   5.729255;19.122255;-5.525659;,
   2.829581;23.791924;-3.073492;,
   15.813541;28.555971;2.485256;,
   16.725115;30.683233;2.654929;,
   12.556533;26.825008;-5.549675;,
   9.336273;27.158278;-8.986582;,
   4.994277;29.304247;-6.268335;,
   4.890100;26.440231;-4.446096;,
   2.969711;28.936390;-1.480441;,
   3.611290;30.714449;-1.958866;,
   4.994277;29.304247;-6.268335;,
   5.682307;30.510386;-6.105665;,
   3.611290;30.714449;-1.958866;,
   9.942547;29.084028;-7.977962;,
   9.336273;27.158278;-8.986582;,
   12.556533;26.825008;-5.549675;,
   12.706206;28.207653;-5.438163;,
   13.615317;27.828375;0.040680;,
   5.682307;30.510386;-6.105665;,
   4.830144;33.293434;-6.514509;,
   3.611290;30.714449;-1.958866;,
   9.942547;29.084028;-7.977962;,
   11.437681;33.033386;-9.266968;,
   15.174735;29.975330;-5.652465;,
   12.706206;28.207653;-5.438163;,
   13.615317;27.828375;0.040680;,
   2.665618;3.742764;2.385726;,
   3.145014;3.214391;-2.157551;,
   3.895608;8.134197;0.843014;,
   4.835285;8.244433;-1.887701;,
   5.318765;14.155447;-1.085035;,
   4.089937;14.976479;1.078891;,
   4.550116;19.444063;-1.666701;,
   2.733039;20.402277;1.515044;,
   2.613347;23.810169;-0.355500;,
   4.136591;4.347621;-5.133615;,
   6.674382;8.295276;-3.954795;,
   7.016997;13.277233;-2.610164;,
   7.108962;19.355869;-3.123057;,
   4.232828;23.556353;-3.073858;,
   6.741053;5.334964;-6.479956;,
   9.736828;4.253274;-5.346352;,
   8.491898;7.821327;-2.334110;,
   8.913013;14.040275;-1.492466;,
   9.886987;19.882132;-1.481241;,
   10.163951;23.904943;-2.992872;,
   7.120042;23.854425;-5.222830;,
   11.326415;3.025688;-2.583016;,
   10.136734;7.115016;1.882416;,
   10.379981;14.657421;1.254972;,
   11.910948;21.186543;2.912465;,
   11.768160;24.328371;-0.402486;,
   11.612605;4.301248;2.288000;,
   15.549336;24.169891;4.705759;,
   12.823431;25.619888;0.554713;,
   15.327908;26.062672;3.192417;,
   13.615316;27.828375;0.040680;,
   15.813541;28.555971;2.485256;,
   16.725115;30.683233;2.654929;,
   10.647700;24.517731;-3.973713;,
   12.556533;26.825008;-5.549675;,
   9.336275;27.158278;-8.986582;,
   7.504581;23.853420;-5.846036;,
   4.994277;29.304247;-6.268335;,
   10.507616;21.342197;-2.286383;,
   5.729256;19.122255;-5.525659;,
   2.829582;23.791924;-3.073492;,
   4.890100;26.440231;-4.446096;,
   3.611289;30.714449;-1.958866;,
   2.969710;28.936390;-1.480441;,
   4.994277;29.304247;-6.268335;,
   3.611289;30.714449;-1.958866;,
   5.682305;30.510386;-6.105665;,
   9.942547;29.084028;-7.977962;,
   9.336275;27.158278;-8.986582;,
   12.556533;26.825008;-5.549675;,
   12.706206;28.207653;-5.438163;,
   13.615316;27.828375;0.040680;,
   5.682305;30.510386;-6.105665;,
   3.611289;30.714449;-1.958866;,
   4.830142;33.293434;-6.514509;,
   9.942547;29.084028;-7.977962;,
   11.437682;33.033386;-9.266968;,
   15.174735;29.975330;-5.652465;,
   12.706206;28.207653;-5.438163;,
   13.615316;27.828375;0.040680;,
   2.665618;3.742764;2.385726;,
   3.895608;8.134197;0.843014;,
   3.145014;3.214391;-2.157551;,
   4.835285;8.244433;-1.887701;,
   4.136591;4.347621;-5.133615;,
   6.674382;8.295276;-3.954795;,
   6.741053;5.334964;-6.479956;,
   9.736828;4.253274;-5.346352;,
   5.318765;14.155447;-1.085035;,
   7.016997;13.277233;-2.610164;,
   8.491898;7.821327;-2.334110;,
   11.326415;3.025688;-2.583016;,
   10.136734;7.115016;1.882416;,
   11.612605;4.301248;2.288000;,
   4.089937;14.976479;1.078891;,
   4.550116;19.444063;-1.666701;,
   7.108962;19.355869;-3.123057;,
   8.913013;14.040275;-1.492466;,
   10.379981;14.657421;1.254972;,
   2.733039;20.402277;1.515044;,
   2.613347;23.810169;-0.355500;,
   4.232828;23.556353;-3.073858;,
   7.120042;23.854425;-5.222830;,
   10.163951;23.904943;-2.992872;,
   9.886987;19.882132;-1.481241;,
   11.910948;21.186543;2.912465;,
   11.768160;24.328371;-0.402486;,
   3.101576;8.881027;-0.441243;,
   2.798076;7.294555;0.980263;,
   3.299445;10.214270;0.966042;,
   3.840205;9.591805;1.872280;,
   3.550470;7.751482;1.923164;,
   5.159006;9.463646;3.303998;,
   4.986311;7.600651;3.608027;,
   7.099072;9.413561;3.863400;,
   7.098953;7.527920;4.420556;,
   9.197092;7.600490;3.609856;,
   9.026662;9.464462;3.294841;,
   10.618463;7.751150;1.926832;,
   10.332254;9.593447;1.853957;,
   10.812228;7.293508;0.991965;,
   10.384032;10.215767;0.949387;,
   10.582599;8.880942;-0.440281;,
   1.958057;18.497019;-0.306096;,
   1.560839;16.420698;1.554320;,
   2.217014;20.241913;1.535716;,
   2.924746;19.427256;2.721754;,
   2.545536;17.018705;2.788348;,
   4.650743;19.259514;4.595540;,
   4.424722;16.821312;4.993431;,
   7.189828;19.193985;5.327662;,
   7.189658;16.726114;6.056849;,
   9.935632;16.821091;4.995831;,
   9.712573;19.260595;4.583549;,
   11.795870;17.018272;2.793157;,
   11.421289;19.429399;2.697771;,
   12.049465;16.419329;1.569639;,
   11.489050;20.243870;1.513904;,
   11.748943;18.496906;-0.304837;,
   8.860090;5.062089;-0.025080;,
   5.523744;3.938082;-1.606608;,
   7.829965;4.204820;-2.232231;,
   7.052992;3.433147;1.732461;,
   7.052992;3.433147;1.732461;,
   6.940466;13.690573;1.387370;,
   5.523744;3.938082;-1.606608;,
   8.860090;5.062089;-0.025080;,
   8.410414;13.679371;0.346300;,
   7.801846;24.086906;1.382221;,
   6.367184;23.632139;-0.616354;,
   6.021675;13.915389;-0.205264;,
   7.829965;4.204820;-2.232231;,
   7.491605;13.927378;-1.244156;,
   8.899052;23.963312;-0.337934;,
   7.404151;26.317072;2.248878;,
   8.024362;24.412188;-2.251439;,
   10.284898;25.986366;-0.955038;,
   4.928606;26.015377;-1.279227;,
   7.752264;26.825941;-3.435621;,
   -9.775507;9.794207;1.085325;,
   -7.917006;7.729825;-2.634419;,
   -10.460639;14.886716;-0.291901;,
   -8.940629;13.929602;-2.910065;,
   -10.477835;19.558250;-3.925629;,
   -12.619007;21.430483;0.199009;,
   -12.782294;23.925308;-3.625856;,
   -11.144520;23.199171;-6.126524;,
   -7.661810;19.013939;-5.495234;,
   -6.979419;13.163196;-3.906378;,
   -6.154167;8.076767;-4.345153;,
   -4.318835;8.573878;-2.334637;,
   -5.265728;13.741347;-2.526617;,
   -8.809210;3.576621;-4.938614;,
   -5.932771;4.718702;-6.299313;,
   -3.244667;4.242702;-4.843893;,
   -2.147632;3.762156;-1.731023;,
   -3.372890;9.045944;0.355023;,
   -10.271945;2.718684;-1.973121;,
   -9.485397;7.637823;1.668505;,
   -10.680772;4.814529;2.595909;,
   -1.721866;5.140811;2.635721;,
   -4.102540;14.704638;-0.466757;,
   -4.072558;19.467379;-0.863295;,
   -9.775509;9.794207;1.085325;,
   -10.460638;14.886716;-0.291901;,
   -7.917004;7.729825;-2.634419;,
   -8.940627;13.929602;-2.910065;,
   -6.979420;13.163196;-3.906378;,
   -6.154165;8.076767;-4.345153;,
   -8.809211;3.576621;-4.938614;,
   -10.271946;2.718684;-1.973121;,
   -9.485396;7.637823;1.668505;,
   -10.477837;19.558250;-3.925629;,
   -7.661813;19.013939;-5.495234;,
   -5.265728;13.741347;-2.526617;,
   -4.318834;8.573878;-2.334637;,
   -12.619006;21.430483;0.199009;,
   -12.782292;23.925308;-3.625856;,
   -11.144520;23.199171;-6.126524;,
   -10.680771;4.814529;2.595909;,
   -5.932768;4.718702;-6.299313;,
   -3.244666;4.242702;-4.843893;,
   -2.147631;3.762156;-1.731023;,
   -3.372892;9.045944;0.355023;,
   -1.721865;5.140811;2.635721;,
   -4.102543;14.704638;-0.466757;,
   -4.072560;19.467379;-0.863295;,
   -3.101576;8.881027;-0.441243;,
   -3.299445;10.214270;0.966042;,
   -2.798076;7.294555;0.980263;,
   -3.840205;9.591805;1.872280;,
   -3.550470;7.751482;1.923164;,
   -5.159006;9.463646;3.303998;,
   -4.986311;7.600651;3.608027;,
   -7.099072;9.413561;3.863400;,
   -7.098953;7.527920;4.420556;,
   -9.197092;7.600490;3.609856;,
   -9.026662;9.464462;3.294841;,
   -10.618463;7.751150;1.926832;,
   -10.332254;9.593447;1.853957;,
   -10.812228;7.293508;0.991965;,
   -10.384032;10.215767;0.949387;,
   -10.582599;8.880942;-0.440281;,
   -8.774509;5.062089;-0.025080;,
   -7.744384;4.204820;-2.232231;,
   -5.438163;3.938082;-1.606608;,
   -6.967411;3.433147;1.732461;,
   -6.967411;3.433147;1.732461;,
   -5.438163;3.938082;-1.606608;,
   -6.854886;13.690573;1.387370;,
   -5.936094;13.915389;-0.205264;,
   -6.281602;23.632139;-0.616354;,
   -7.716265;24.086906;1.382221;,
   -8.324833;13.679371;0.346300;,
   -8.774509;5.062089;-0.025080;,
   -7.744384;4.204820;-2.232231;,
   -7.406024;13.927378;-1.244156;,
   -7.938780;24.412188;-2.251439;,
   -4.843025;26.015377;-1.279227;,
   -7.318571;26.317072;2.248878;,
   -8.813470;23.963312;-0.337934;,
   -10.199316;25.986366;-0.955038;,
   -7.666683;26.825941;-3.435621;,
   3.174205;78.483841;-4.213394;,
   2.782655;80.892426;-2.837173;,
   0.000000;78.744400;-5.081888;,
   5.937306;80.617889;-3.050675;,
   6.312530;83.331230;-0.032229;,
   4.635335;84.277588;3.214689;,
   6.136771;84.342812;3.251863;,
   8.386329;83.609665;3.251863;,
   8.694715;82.638329;0.579351;,
   6.348392;78.223274;-3.133142;,
   5.205827;73.420410;-5.195375;,
   7.431981;80.343353;-2.099961;,
   8.386329;83.609665;3.251863;,
   7.949078;82.837860;6.304070;,
   6.136771;84.342812;3.251863;,
   5.653376;83.436005;6.651987;,
   4.635335;84.277588;3.214689;,
   2.474865;82.088547;7.772800;,
   4.046665;80.103317;7.959852;,
   0.000000;81.545418;8.327948;,
   0.033412;74.861000;8.620716;,
   6.855889;79.337135;7.139314;,
   6.402877;74.869576;7.089510;,
   3.174205;78.483841;-4.213394;,
   -0.000000;78.744400;-5.081888;,
   2.782654;80.892426;-2.837173;,
   5.937304;80.617889;-3.050675;,
   6.348392;78.223274;-3.133142;,
   5.205826;73.420410;-5.195375;,
   6.312529;83.331230;-0.032229;,
   7.431980;80.343353;-2.099961;,
   8.694715;82.638329;0.579351;,
   8.386329;83.609665;3.251863;,
   6.136771;84.342812;3.251863;,
   4.635334;84.277588;3.214689;,
   8.386329;83.609665;3.251863;,
   6.136771;84.342812;3.251863;,
   7.949077;82.837860;6.304070;,
   5.653375;83.436005;6.651987;,
   6.855889;79.337135;7.139314;,
   4.046665;80.103317;7.959852;,
   6.402876;74.869576;7.089510;,
   0.033412;74.861000;8.620716;,
   -0.000000;81.545418;8.327948;,
   4.635334;84.277588;3.214689;,
   2.474864;82.088547;7.772800;,
   12.002449;77.289108;12.425556;,
   19.469627;77.393646;7.783727;,
   16.958900;79.340576;7.816961;,
   20.466803;80.629860;2.631049;,
   23.181236;78.490074;2.513792;,
   19.469627;77.976036;-2.844398;,
   16.958900;79.914932;-2.664691;,
   12.002449;78.379333;-7.469852;,
   7.375080;87.002220;11.440620;,
   6.489190;83.471283;11.300317;,
   8.039867;86.689781;11.788640;,
   7.320017;83.333969;11.664975;,
   8.245736;79.440041;12.232351;,
   7.702053;78.799545;11.611333;,
   11.687936;76.736465;11.937471;,
   12.002449;77.289108;12.425556;,
   19.041298;76.812454;7.222087;,
   19.469627;77.393646;7.783727;,
   22.783455;77.977974;2.485732;,
   23.181236;78.490074;2.513792;,
   19.469627;77.976036;-2.844398;,
   19.041298;77.336937;-2.349624;,
   12.002449;78.379333;-7.469852;,
   11.687936;77.776688;-7.045069;,
   8.245736;80.496284;-7.042780;,
   7.702053;79.791733;-6.495462;,
   6.489190;84.401535;-5.675843;,
   7.320017;84.304871;-6.053326;,
   8.039867;87.654121;-5.809560;,
   7.375080;87.926659;-5.429491;,
   7.375080;87.002220;11.440620;,
   8.039867;86.689781;11.788640;,
   9.359128;89.179573;8.463561;,
   10.378479;88.985672;8.587109;,
   10.202091;90.960854;3.197158;,
   11.338104;90.706085;3.183200;,
   10.378479;89.586441;-2.376339;,
   9.359128;89.765678;-2.232342;,
   8.039867;87.654121;-5.809560;,
   7.375080;87.926659;-5.429491;,
   9.409936;85.348450;8.786858;,
   8.039867;86.689781;11.788640;,
