xof 0303txt 0032
template VertexDuplicationIndices {
 <b8d65549-d7c9-4995-89cf-53a9a8b031e3>
 DWORD nIndices;
 DWORD nOriginalVertices;
 array DWORD indices[nIndices];
}

template EffectParamDWord {
 <e13963bc-ae51-4c5d-b00f-cfa3a9d97ce5>
 STRING ParamName;
 DWORD Value;
}

template FVFData {
 <b6e70a0e-8ef9-4e83-94ad-ecc8b0c04897>
 DWORD dwFVF;
 DWORD nDWords;
 array DWORD data[nDWords];
}

template EffectFloats {
 <f1cfe2b3-0de3-4e28-afa1-155a750a282d>
 DWORD nFloats;
 array FLOAT Floats[nFloats];
}

template EffectString {
 <d55b097e-bdb6-4c52-b03d-6051c89d0e42>
 STRING Value;
}

template EffectDWord {
 <622c0ed0-956e-4da9-908a-2af94f3ce716>
 DWORD Value;
}

template EffectInstance {
 <e331f7e4-0559-4cc2-8e99-1cec1657928f>
 STRING EffectFilename;
 [...]
}

template AnimTicksPerSecond {
 <9e415a43-7ba6-4a73-8743-b73d47e88476>
 DWORD AnimTicksPerSecond;
}

template VertexElement {
 <f752461c-1e23-48f6-b9f8-8350850f336f>
 DWORD Type;
 DWORD Method;
 DWORD Usage;
 DWORD UsageIndex;
}

template DeclData {
 <bf22e553-292c-4781-9fea-62bd554bdd93>
 DWORD nElements;
 array VertexElement Elements[nElements];
 DWORD nDWords;
 array DWORD data[nDWords];
}

template EffectParamFloats {
 <3014b9a0-62f5-478c-9b86-e4ac9f4e418b>
 STRING ParamName;
 DWORD nFloats;
 array FLOAT Floats[nFloats];
}

template EffectParamString {
 <1dbc4c88-94c1-46ee-9076-2c28818c9481>
 STRING ParamName;
 STRING Value;
}


AnimTicksPerSecond {
 4800;
}

Frame {
 

 FrameTransformMatrix {
  1.000000,0.000000,0.000000,0.000000,0.000000,1.000000,0.000000,0.000000,0.000000,0.000000,1.000000,0.000000,0.000000,0.000000,0.000000,1.000000;;
 }

 Frame Pelvis {
  

  FrameTransformMatrix {
   0.986610,0.004167,-0.163043,0.000000,-0.003354,0.999981,0.005263,0.000000,0.163062,-0.004646,0.986605,0.000000,1.136813,50.793118,7.211092,1.000000;;
  }

  Frame Spine1 {
   

   FrameTransformMatrix {
    0.994901,-0.022678,0.098278,0.000000,0.027161,0.998639,-0.044522,0.000000,-0.097135,0.046964,0.994163,0.000000,0.000000,6.259986,-0.509998,1.000000;;
   }

   Frame Spine2 {
    

    FrameTransformMatrix {
     0.995763,-0.020546,0.089628,0.000000,0.024146,0.998937,-0.039271,0.000000,-0.088726,0.041269,0.995201,0.000000,0.000000,5.320992,0.510001,1.000000;;
    }

    Frame Spine3 {
     

     FrameTransformMatrix {
      1.000000,0.000000,0.000000,0.000000,0.000000,1.000000,0.000000,0.000000,0.000000,0.000000,1.000000,0.000000,0.000000,6.183587,1.019999,1.000000;;
     }

     Frame Neck {
      

      FrameTransformMatrix {
       0.993764,0.051188,-0.099060,0.000000,-0.079000,0.950178,-0.301530,0.000000,0.078690,0.307475,0.948297,0.000000,0.000000,9.318610,1.712375,1.000000;;
      }

      Frame Head {
       

       FrameTransformMatrix {
        1.000000,0.000000,0.000000,0.000000,0.000000,1.000000,0.000000,0.000000,0.000000,0.000000,1.000000,0.000000,0.000000,3.756332,-0.271301,1.000000;;
       }

       Frame Jaw {
        

        FrameTransformMatrix {
         0.999999,-0.001111,-0.000457,0.000000,0.001084,0.998416,-0.056254,0.000000,0.000519,0.056253,0.998416,0.000000,0.000000,0.050630,-2.209316,1.000000;;
        }
       }

       Frame left_hair {
        

        FrameTransformMatrix {
         0.966175,0.236570,0.102662,0.000000,0.081437,0.097832,-0.991865,0.000000,-0.244689,0.966676,0.075258,0.000000,4.855215,1.689241,-4.007967,1.000000;;
        }
       }

       Frame right_hair {
        

        FrameTransformMatrix {
         0.929329,-0.342646,-0.137627,0.000000,0.115392,-0.084560,0.989714,0.000000,-0.350760,-0.935651,-0.039046,0.000000,-4.855218,1.689271,-4.007969,1.000000;;
        }
       }
      }
     }

     Frame left_collar {
      

      FrameTransformMatrix {
       0.995326,-0.096571,-0.000000,0.000000,0.096571,0.995326,0.000000,0.000000,0.000000,-0.000000,1.000000,0.000000,1.267238,1.440782,-0.389292,1.000000;;
      }

      Frame left_shoulder {
       

       FrameTransformMatrix {
        0.257288,-0.920265,0.294813,0.000000,0.964443,0.263624,-0.018778,0.000000,-0.060439,0.289162,0.955370,0.000000,8.380166,1.668945,3.041840,1.000000;;
       }

       Frame left_elbow {
        

        FrameTransformMatrix {
         0.791322,0.000000,-0.611400,0.000000,0.000000,1.000000,0.000000,0.000000,0.611400,0.000000,0.791322,0.000000,12.262462,0.000002,0.000004,1.000000;;
        }

        Frame left_wrist {
         

         FrameTransformMatrix {
          0.984273,0.062205,-0.165345,0.000000,-0.130088,0.888451,-0.440150,0.000000,0.119521,0.454736,0.882570,0.000000,13.102145,0.000000,-0.000004,1.000000;;
         }

         Frame left_thumb1 {
          

          FrameTransformMatrix {
           0.854104,-0.029529,0.519267,0.000000,0.114553,0.984549,-0.132432,0.000000,-0.507332,0.172594,0.844289,0.000000,2.808143,-1.766172,-1.700002,1.000000;;
          }

          Frame left_thumb2 {
           

           FrameTransformMatrix {
            -0.337614,-0.840213,-0.424342,0.000000,0.940094,-0.323630,-0.107157,0.000000,-0.047295,-0.435098,0.899139,0.000000,1.656357,-1.075422,-1.507851,1.000000;;
           }
          }
         }

         Frame left_index1 {
          

          FrameTransformMatrix {
           -0.088120,-0.108994,-0.990131,0.000000,0.669188,-0.742759,0.022206,0.000000,-0.737848,-0.660626,0.138390,0.000000,5.698876,-1.439419,-0.512653,1.000000;;
          }

          Frame left_index2 {
           

           FrameTransformMatrix {
            0.999767,0.010258,-0.019121,0.000000,-0.000215,0.885840,0.463989,0.000000,0.021698,-0.463876,0.885633,0.000000,-0.000000,2.238262,-0.000000,1.000000;;
           }
          }
         }

         Frame left_middle1 {
          

          FrameTransformMatrix {
           0.259980,-0.021845,-0.965369,0.000000,0.410527,-0.902391,0.130977,0.000000,-0.874000,-0.430361,-0.225635,0.000000,5.404594,-1.138683,1.700000,1.000000;;
          }

          Frame left_middle2 {
           

           FrameTransformMatrix {
            0.999830,0.009380,-0.016157,0.000000,0.005946,0.660089,0.751161,0.000000,0.017711,-0.751127,0.659918,0.000000,-0.000000,2.319550,-0.000000,1.000000;;
           }
          }
         }
        }
       }
      }
     }

     Frame chest {
      

      FrameTransformMatrix {
       1.000000,0.000000,0.000000,0.000000,0.000000,1.000000,0.000000,0.000000,0.000000,0.000000,1.000000,0.000000,0.000000,-2.733325,-6.672135,1.000000;;
      }
     }

     Frame right_collar {
      

      FrameTransformMatrix {
       0.995326,0.096571,0.000000,0.000000,0.096571,-0.995326,-0.000000,0.000000,-0.000000,0.000000,-1.000000,0.000000,-1.267238,1.440826,-0.389299,1.000000;;
      }

      Frame right_shoulder {
       

       FrameTransformMatrix {
        0.296741,-0.935024,0.194098,0.000000,0.954091,0.298940,-0.018559,0.000000,-0.040670,0.190694,0.980807,0.000000,-8.380162,-1.668879,-3.041844,1.000000;;
       }

       Frame right_elbow {
        

        FrameTransformMatrix {
         0.814900,0.000000,-0.579601,0.000000,0.000000,1.000000,0.000000,0.000000,0.579601,0.000000,0.814900,0.000000,-12.262545,0.000000,0.000000,1.000000;;
        }

        Frame right_wrist {
         

         FrameTransformMatrix {
          0.969160,0.240256,-0.054845,0.000000,-0.234289,0.967290,0.097244,0.000000,0.076414,-0.081395,0.993748,0.000000,-13.102071,-0.000004,0.000004,1.000000;;
         }

         Frame right_thumb1 {
          

          FrameTransformMatrix {
           0.886490,-0.417614,0.199351,0.000000,0.418274,0.538829,-0.731237,0.000000,0.197958,0.731616,0.652341,0.000000,-2.808064,1.766130,1.700004,1.000000;;
          }

          Frame right_thumb2 {
           

           FrameTransformMatrix {
            -0.501324,-0.699240,-0.509658,0.000000,0.702699,-0.672692,0.231711,0.000000,-0.504862,-0.241973,0.828588,0.000000,-1.656472,1.075420,1.507847,1.000000;;
           }
          }
         }

         Frame right_index1 {
          

          FrameTransformMatrix {
           0.011686,0.090127,-0.995865,0.000000,0.316339,-0.945109,-0.081821,0.000000,-0.948573,-0.314074,-0.039555,0.000000,-5.698915,1.439389,0.512654,1.000000;;
          }

          Frame right_index2 {
           

           FrameTransformMatrix {
            1.000007,0.000002,0.000001,0.000000,-0.000002,0.459030,0.888417,0.000000,0.000001,-0.888417,0.459030,0.000000,-0.000013,-2.238232,-0.000080,1.000000;;
           }
          }
         }

         Frame right_middle1 {
          

          FrameTransformMatrix {
           0.137510,0.005245,-0.990489,0.000000,0.213739,-0.976581,0.024502,0.000000,-0.967163,-0.215075,-0.135410,0.000000,-5.404636,1.138661,-1.699999,1.000000;;
          }

          Frame right_middle2 {
           

           FrameTransformMatrix {
            0.984800,0.161764,0.063365,0.000000,-0.138966,0.514581,0.846102,0.000000,0.104261,-0.842040,0.529235,0.000000,0.000022,-2.319493,-0.000018,1.000000;;
           }
          }
         }

         Frame right_weapon {
          

          FrameTransformMatrix {
           0.720344,0.692796,0.033812,0.000000,0.690867,-0.712294,-0.123839,0.000000,-0.061711,0.112566,-0.991725,0.000000,-4.364752,2.874531,0.000008,1.000000;;
          }
         }
        }
       }
      }
     }

     Frame back_hair {
      

      FrameTransformMatrix {
       0.994859,-0.100685,-0.010857,0.000000,0.100364,0.994587,-0.026916,0.000000,0.013508,0.025688,0.999579,0.000000,0.000000,12.549606,9.773097,1.000000;;
      }
     }
    }
   }
  }

  Frame left_thigh {
   

   FrameTransformMatrix {
    0.985113,-0.055613,0.162663,0.000000,-0.040722,-0.994787,-0.093487,0.000000,0.167014,0.085472,-0.982243,0.000000,5.212771,-4.495655,0.000001,1.000000;;
   }

   Frame left_knee {
    

    FrameTransformMatrix {
     1.000000,0.000000,-0.000000,0.000000,-0.000000,0.990274,-0.139130,0.000000,0.000000,0.139130,0.990274,0.000000,0.000000,23.314821,-0.000001,1.000000;;
    }

    Frame left_ankle {
     

     FrameTransformMatrix {
      0.998633,-0.052190,-0.002933,0.000000,-0.052270,-0.997453,-0.048518,0.000000,-0.000393,0.048605,-0.998817,0.000000,0.000001,17.904882,0.000000,1.000000;;
     }

     Frame left_ball {
      

      FrameTransformMatrix {
       1.000000,0.000000,0.000000,0.000000,0.000000,1.000000,0.000000,0.000000,0.000000,0.000000,1.000000,0.000000,0.000000,-5.100000,-6.288106,1.000000;;
      }
     }
    }
   }
  }

  Frame right_thigh {
   

   FrameTransformMatrix {
    0.985804,-0.040417,0.162964,0.000000,-0.069848,-0.981340,0.179143,0.000000,0.152683,-0.187983,-0.970232,0.000000,-5.212778,-4.495663,0.000002,1.000000;;
   }

   Frame right_knee {
    

    FrameTransformMatrix {
     1.000000,0.000000,-0.000000,0.000000,-0.000000,0.826151,-0.563449,0.000000,0.000000,0.563449,0.826151,0.000000,0.000000,23.279186,0.000000,1.000000;;
    }

    Frame right_ankle {
     

     FrameTransformMatrix {
      0.999316,-0.026089,-0.026223,0.000000,0.022607,0.991865,-0.125267,0.000000,0.029278,0.124589,0.991776,0.000000,0.000000,17.877512,0.000000,1.000000;;
     }

     Frame right_ball {
      

      FrameTransformMatrix {
       1.000000,0.000000,0.000000,0.000000,0.000000,0.945810,0.324719,0.000000,0.000000,-0.324719,0.945810,0.000000,0.000000,5.100005,6.288099,1.000000;;
      }
     }
    }
   }
  }

  Frame right_hipDingle {
   

   FrameTransformMatrix {
    -0.654984,0.002494,0.755639,0.000000,-0.144542,-0.981943,-0.122047,0.000000,0.741690,-0.189161,0.643517,0.000000,-10.800154,-1.533684,-7.158757,1.000000;;
   }
  }
 }

 Frame A_normal_cloth {
  

  FrameTransformMatrix {
   1.000000,0.000000,0.000000,0.000000,0.000000,1.000000,0.000000,0.000000,0.000000,0.000000,1.000000,0.000000,0.000000,0.000000,0.000000,1.000000;;
  }

  Mesh A_normal_cloth {
   177;
   -47.241501;71.390854;-21.091116;,
   -48.718338;72.576965;-20.830362;,
   -48.897217;72.264793;-24.197334;,
   -48.194950;71.719963;-24.328890;,
   -47.241501;71.390854;-21.091116;,
   -48.897217;72.264793;-24.197334;,
   -40.943615;65.737938;-22.201603;,
   -41.153465;65.410667;-25.570492;,
   -40.522892;64.779015;-25.673954;,
   -45.677505;72.939926;-0.913663;,
   -46.857521;72.851685;-8.658828;,
   -45.031219;71.799423;-2.170183;,
   -46.213387;71.721924;-8.772402;,
   -43.573879;70.964188;-3.183180;,
   -44.723118;71.167488;-9.035176;,
   -45.618649;71.193680;-13.705080;,
   -47.031086;71.723572;-13.456030;,
   -46.549034;71.263588;-18.375345;,
   -47.818016;71.743752;-18.151608;,
   -48.718338;72.576965;-20.830362;,
   -48.395088;72.735336;-18.049854;,
   -47.657249;72.810562;-13.345619;,
   -33.671036;63.904705;7.865875;,
   -35.348686;64.666092;6.311678;,
   -35.996292;64.091591;-4.601859;,
   -37.315533;64.634689;-4.369238;,
   -37.381496;64.114059;-12.174722;,
   -38.651775;64.643745;-11.950740;,
   -38.919048;64.277077;-19.720736;,
   -39.966393;64.719337;-19.536060;,
   -39.581295;64.417923;-22.441475;,
   -40.522892;64.779015;-25.673954;,
   -36.704464;66.303963;5.326589;,
   -38.143906;66.208557;-4.223169;,
   -39.441647;66.134720;-11.811459;,
   -40.611256;65.928528;-19.422337;,
   5.656402;16.429859;-10.269585;,
   6.077251;24.731976;-9.559099;,
   12.567501;16.429859;-6.770031;,
   5.404786;8.396759;16.242388;,
   10.868944;9.087193;14.498371;,
   5.535080;16.895969;16.437077;,
   11.144183;17.612997;14.137909;,
   5.490930;24.731976;16.354662;,
   -0.042678;24.731979;17.518391;,
   -0.042678;32.369102;17.239044;,
   5.608952;32.369099;16.279760;,
   5.535140;40.203060;16.676600;,
   11.323834;40.200768;14.533443;,
   11.443408;32.368237;14.065562;,
   14.756605;40.203060;7.025914;,
   15.349186;32.369099;7.350580;,
   16.514395;40.203060;0.707062;,
   15.618499;46.320644;1.092164;,
   15.878195;9.802326;7.811352;,
   15.837101;17.682219;7.608942;,
   15.403261;24.731977;7.635519;,
   11.126414;24.732342;14.057472;,
   15.349186;32.369099;7.350580;,
   17.518545;10.189349;0.608898;,
   17.459278;17.408901;0.640608;,
   17.035837;24.731977;0.722256;,
   17.057852;32.369106;0.738781;,
   5.656402;16.429859;-10.269585;,
   12.567501;16.429859;-6.770031;,
   6.650958;8.766770;-11.086781;,
   12.466495;8.627490;-7.021863;,
   17.518545;10.189349;0.608898;,
   17.459278;17.408901;0.640608;,
   13.013683;24.731976;-6.382626;,
   17.035837;24.731977;0.722256;,
   17.057852;32.369106;0.738781;,
   12.998047;32.369106;-6.352956;,
   16.514395;40.203060;0.707062;,
   12.501658;40.203060;-6.206824;,
   15.618499;46.320644;1.092164;,
   11.744480;46.018494;-6.051478;,
   5.466655;40.203060;-8.379106;,
   5.853528;32.369106;-9.018860;,
   -0.042678;32.369102;-9.925055;,
   -0.042678;40.203068;-9.507433;,
   -5.552012;40.203068;-8.379106;,
   -5.938885;32.369102;-9.018860;,
   -12.587015;40.203068;-6.206824;,
   -11.829835;46.018497;-6.051478;,
   -15.703856;46.320648;1.092164;,
   6.077251;24.731976;-9.559099;,
   -0.042678;24.731979;-10.511626;,
   -13.083402;32.369110;-6.352956;,
   -16.599751;40.203068;0.707062;,
   -14.841960;40.203068;7.025914;,
   -15.434542;32.369110;7.350580;,
   -11.528764;32.368244;14.065562;,
   -11.409190;40.200771;14.533443;,
   -5.694309;32.369102;16.279760;,
   -5.620495;40.203068;16.676600;,
   -17.143208;32.369110;0.738781;,
   5.656402;16.429859;-10.269585;,
   6.650958;8.766770;-11.086781;,
   -0.042678;8.432423;-11.684612;,
   -0.042678;16.429857;-11.475946;,
   -0.042678;24.731979;-10.511626;,
   -5.360014;16.429857;-10.488209;,
   -6.162607;24.731977;-9.559099;,
   -5.938885;32.369102;-9.018860;,
   -13.083402;32.369110;-6.352956;,
   -13.099039;24.731977;-6.382626;,
   -17.143208;32.369110;0.738781;,
   -17.121195;24.731979;0.722256;,
   -15.434542;32.369110;7.350580;,
   -15.488618;24.731979;7.635519;,
   -11.528764;32.368244;14.065562;,
   -11.211768;24.732344;14.057472;,
   -5.694309;32.369102;16.279760;,
   -5.576286;24.731977;16.354662;,
   -11.229538;17.820446;14.137910;,
   -5.620436;16.563276;16.437077;,
   -0.042678;24.731979;17.518391;,
   -6.736314;9.460841;-11.086779;,
   -13.416931;16.429857;-6.770031;,
   -17.544636;16.429857;0.640609;,
   -15.922456;17.106934;7.608942;,
   -12.551851;8.627488;-7.021863;,
   -17.603903;9.247558;0.608899;,
   -15.963552;9.248933;7.811353;,
   -10.954300;9.286745;14.498371;,
   -5.490142;8.076728;16.242388;,
   -0.042678;16.429853;17.722612;,
   5.535080;16.895969;16.437077;,
   5.404786;8.396759;16.242388;,
   -0.042678;7.949082;17.116213;,
   -5.576286;24.731977;16.354662;,
   -0.042678;24.731979;17.518391;,
   -0.042678;32.369102;17.239044;,
   -5.694309;32.369102;16.279760;,
   10.795690;49.892693;-5.311463;,
   13.923710;50.265896;1.027675;,
   15.618499;46.320644;1.092164;,
   11.744480;46.018494;-6.051478;,
   5.286944;45.281563;-7.873315;,
   5.049786;48.936066;-7.781829;,
   -0.042677;45.010609;-9.361409;,
   0.000000;48.613338;-9.204078;,
   -5.049786;48.936066;-7.781829;,
   -5.372300;45.281563;-7.873315;,
   -10.795690;49.892693;-5.311463;,
   -11.829835;46.018497;-6.051478;,
   -15.703856;46.320648;1.092164;,
   -13.923710;50.265903;1.027675;,
   -14.567507;46.669968;7.282876;,
   -13.088398;50.698051;5.121285;,
   -10.063547;51.373035;10.577921;,
   -11.287756;47.130253;13.424680;,
   -4.255029;51.239899;12.901602;,
   -5.450038;47.103153;15.674266;,
   -0.042678;46.960869;15.843694;,
   0.000000;51.015305;13.020431;,
   5.466655;40.203060;-8.379106;,
   -0.042678;40.203068;-9.507433;,
   -5.552012;40.203068;-8.379106;,
   4.255029;51.239899;12.901602;,
   5.364682;47.103153;15.674266;,
   5.535140;40.203060;16.676600;,
   11.323834;40.200768;14.533443;,
   11.202401;47.130249;13.424680;,
   14.756605;40.203060;7.025914;,
   14.482150;46.669968;7.282876;,
   10.063547;51.373035;10.577921;,
   5.364682;47.103153;15.674266;,
   -0.042678;40.203068;17.430180;,
   -0.042678;32.369102;17.239044;,
   -5.620495;40.203068;16.676600;,
   -11.409190;40.200771;14.533443;,
   -14.841960;40.203068;7.025914;,
   13.088398;50.698051;5.121285;,
   13.923710;50.265896;1.027675;,
   15.618499;46.320644;1.092164;;
   202;
   3;0,1,2;,
   3;3,4,5;,
   3;6,7,8;,
   3;9,10,11;,
   3;11,10,12;,
   3;11,12,13;,
   3;13,12,14;,
   3;12,15,14;,
   3;16,15,12;,
   3;16,17,15;,
   3;18,17,16;,
   3;18,4,17;,
   3;18,19,4;,
   3;20,19,18;,
   3;16,20,18;,
   3;21,20,16;,
   3;12,21,16;,
   3;10,21,12;,
   3;22,23,24;,
   3;24,23,25;,
   3;24,25,26;,
   3;26,25,27;,
   3;26,27,28;,
   3;28,27,29;,
   3;28,29,30;,
   3;29,6,30;,
   3;30,6,31;,
   3;23,32,25;,
   3;25,32,33;,
   3;33,34,25;,
   3;25,34,27;,
   3;34,35,27;,
   3;27,35,29;,
   3;6,29,35;,
   3;36,37,38;,
   3;39,40,41;,
   3;40,42,41;,
   3;41,42,43;,
   3;41,43,44;,
   3;44,43,45;,
   3;43,46,45;,
   3;46,47,45;,
   3;48,47,46;,
   3;49,48,46;,
   3;50,48,49;,
   3;51,50,49;,
   3;52,50,51;,
   3;50,52,53;,
   3;42,40,54;,
   3;55,42,54;,
   3;55,56,42;,
   3;56,57,42;,
   3;42,57,43;,
   3;43,57,46;,
   3;57,49,46;,
   3;57,56,49;,
   3;56,58,49;,
   3;55,54,59;,
   3;60,55,59;,
   3;60,61,55;,
   3;61,56,55;,
   3;56,61,51;,
   3;61,62,51;,
   3;62,52,51;,
   3;63,64,65;,
   3;64,66,65;,
   3;67,66,64;,
   3;68,67,64;,
   3;64,69,68;,
   3;69,70,68;,
   3;70,69,71;,
   3;69,72,71;,
   3;71,72,73;,
   3;72,74,73;,
   3;75,73,74;,
   3;76,75,74;,
   3;76,74,77;,
   3;78,77,74;,
   3;78,79,77;,
   3;79,80,77;,
   3;80,79,81;,
   3;79,82,81;,
   3;81,82,83;,
   3;81,83,84;,
   3;84,83,85;,
   3;86,69,64;,
   3;69,86,72;,
   3;86,78,72;,
   3;72,78,74;,
   3;86,87,78;,
   3;87,79,78;,
   3;79,87,82;,
   3;87,86,63;,
   3;82,88,83;,
   3;83,88,89;,
   3;83,89,85;,
   3;85,89,90;,
   3;91,90,89;,
   3;91,92,90;,
   3;92,93,90;,
   3;92,94,93;,
   3;94,95,93;,
   3;94,45,95;,
   3;88,96,89;,
   3;96,91,89;,
   3;97,98,99;,
   3;100,97,99;,
   3;100,101,97;,
   3;100,102,101;,
   3;102,103,101;,
   3;101,103,104;,
   3;104,103,105;,
   3;103,106,105;,
   3;105,106,107;,
   3;106,108,107;,
   3;107,108,109;,
   3;108,110,109;,
   3;109,110,111;,
   3;110,112,111;,
   3;111,112,113;,
   3;112,114,113;,
   3;114,112,115;,
   3;116,114,115;,
   3;117,114,116;,
   3;100,99,118;,
   3;102,100,118;,
   3;119,102,118;,
   3;102,119,103;,
   3;119,106,103;,
   3;119,120,106;,
   3;120,108,106;,
   3;120,121,108;,
   3;121,110,108;,
   3;121,115,110;,
   3;115,112,110;,
   3;122,119,118;,
   3;122,123,119;,
   3;123,120,119;,
   3;120,123,124;,
   3;121,120,124;,
   3;121,124,125;,
   3;115,121,125;,
   3;116,115,125;,
   3;126,116,125;,
   3;127,116,126;,
   3;127,117,116;,
   3;127,128,117;,
   3;129,128,127;,
   3;130,129,127;,
   3;130,127,126;,
   3;131,132,133;,
   3;134,131,133;,
   3;135,136,137;,
   3;135,137,138;,
   3;139,135,138;,
   3;140,135,139;,
   3;141,140,139;,
   3;141,142,140;,
   3;141,143,142;,
   3;141,144,143;,
   3;143,144,145;,
   3;144,146,145;,
   3;145,146,147;,
   3;145,147,148;,
   3;148,147,149;,
   3;150,148,149;,
   3;151,150,149;,
   3;152,151,149;,
   3;151,152,153;,
   3;152,154,153;,
   3;154,155,153;,
   3;155,156,153;,
   3;139,138,157;,
   3;141,139,157;,
   3;158,141,157;,
   3;158,159,141;,
   3;159,144,141;,
   3;144,159,146;,
   3;155,160,156;,
   3;161,160,155;,
   3;162,161,155;,
   3;162,163,161;,
   3;163,164,161;,
   3;164,163,165;,
   3;166,164,165;,
   3;164,166,167;,
   3;164,167,160;,
   3;168,164,160;,
   3;169,162,155;,
   3;162,169,170;,
   3;170,169,171;,
   3;171,169,155;,
   3;154,171,155;,
   3;171,154,172;,
   3;154,152,172;,
   3;172,152,173;,
   3;152,149,173;,
   3;149,147,173;,
   3;167,166,174;,
   3;174,166,175;,
   3;175,166,176;,
   3;166,165,176;;

   MeshNormals {
    177;
    -0.611356;-0.784332;0.105200;,
    -0.611356;-0.784332;0.105200;,
    -0.611356;-0.784332;0.105200;,
    -0.598934;-0.795077;0.095555;,
    -0.562187;-0.826999;0.004292;,
    -0.598934;-0.795077;0.095555;,
    -0.722664;-0.687883;0.067634;,
    -0.693974;-0.711185;0.112316;,
    -0.693974;-0.711185;0.112316;,
    -0.795761;-0.591933;0.127982;,
    -0.848308;-0.507172;0.152155;,
    -0.696675;-0.707306;0.119842;,
    -0.637829;-0.762366;0.109420;,
    -0.433415;-0.897362;0.083024;,
    -0.341002;-0.938884;0.047059;,
    -0.341623;-0.938119;0.056801;,
    -0.633686;-0.766146;0.107061;,
    -0.345573;-0.937093;0.049353;,
    -0.636740;-0.766463;0.084241;,
    -0.691359;-0.722471;0.007643;,
    -0.850588;-0.508370;0.134389;,
    -0.851088;-0.504567;0.145124;,
    -0.468275;-0.880467;0.074136;,
    -0.577545;-0.810365;0.098744;,
    -0.374121;-0.924883;0.068006;,
    -0.656374;-0.745881;0.113289;,
    -0.374754;-0.925130;0.060777;,
    -0.659831;-0.743101;0.111462;,
    -0.380598;-0.923328;0.051100;,
    -0.664406;-0.742073;0.088839;,
    -0.655147;-0.753669;0.052596;,
    -0.680324;-0.723454;0.117358;,
    -0.810374;-0.566743;0.148646;,
    -0.870034;-0.471336;0.144512;,
    -0.867993;-0.473567;0.149405;,
    -0.868032;-0.475986;0.141274;,
    0.451108;0.053372;-0.890872;,
    0.451108;0.053372;-0.890872;,
    0.451108;0.053372;-0.890872;,
    0.243369;-0.041169;0.969060;,
    0.569137;-0.003516;0.822235;,
    0.293277;0.003618;0.956021;,
    0.623351;0.018945;0.781713;,
    0.288441;0.012703;0.957413;,
    -0.000082;0.026564;0.999647;,
    0.000000;-0.010149;0.999949;,
    0.265118;-0.024342;0.963909;,
    0.233054;0.065010;0.970288;,
    0.668618;0.046585;0.742145;,
    0.657378;-0.008630;0.753512;,
    0.935421;0.063279;0.347827;,
    0.940384;0.055537;0.335551;,
    0.959831;0.099078;0.262503;,
    0.955348;0.226723;0.189492;,
    0.904407;0.010079;0.426553;,
    0.911513;0.033953;0.409868;,
    0.916724;0.025031;0.398737;,
    0.628765;-0.005212;0.777578;,
    0.864142;0.024872;0.502633;,
    0.974452;0.009017;0.224416;,
    0.973787;0.029593;0.225530;,
    0.971928;0.031739;0.233127;,
    0.967690;0.032196;0.250077;,
    0.257839;0.104826;-0.960485;,
    0.703268;0.026788;-0.710420;,
    0.315022;0.102862;-0.943494;,
    0.706020;0.013714;-0.708059;,
    0.833594;0.008279;-0.552315;,
    0.844369;0.013995;-0.535579;,
    0.673605;0.010278;-0.739021;,
    0.869905;0.027292;-0.492463;,
    0.868111;0.029253;-0.495508;,
    0.656128;0.038410;-0.753671;,
    0.860612;0.107915;-0.497696;,
    0.632366;0.089907;-0.769435;,
    0.851658;0.234048;-0.468936;,
    0.603351;0.197792;-0.772558;,
    0.245735;0.079002;-0.966112;,
    0.245350;0.076272;-0.966429;,
    -0.000000;0.075738;-0.997128;,
    0.000000;0.041861;-0.999124;,
    -0.245735;0.079002;-0.966112;,
    -0.245350;0.076272;-0.966429;,
    -0.632366;0.089907;-0.769435;,
    -0.603675;0.203582;-0.770799;,
    -0.957935;0.252294;-0.136779;,
    0.262464;0.057109;-0.963251;,
    0.002633;0.086809;-0.996222;,
    -0.656128;0.038409;-0.753671;,
    -0.984618;0.112132;-0.133994;,
    -0.935421;0.063279;0.347827;,
    -0.924484;0.048094;0.378176;,
    -0.657378;-0.008630;0.753512;,
    -0.668618;0.046585;0.742145;,
    -0.265118;-0.024342;0.963909;,
    -0.233054;0.065010;0.970288;,
    -0.990880;0.033166;-0.130602;,
    0.257839;0.104826;-0.960485;,
    0.315022;0.102862;-0.943494;,
    0.028652;0.053841;-0.998138;,
    0.024572;0.082717;-0.996270;,
    0.002633;0.086809;-0.996222;,
    -0.287590;0.112490;-0.951125;,
    -0.284546;0.067286;-0.956298;,
    -0.245350;0.076272;-0.966429;,
    -0.656128;0.038409;-0.753671;,
    -0.676220;0.030813;-0.736055;,
    -0.990880;0.033166;-0.130602;,
    -0.989795;0.028522;-0.139617;,
    -0.924484;0.048094;0.378176;,
    -0.917021;0.023547;0.398143;,
    -0.657378;-0.008630;0.753512;,
    -0.628777;-0.005057;0.777569;,
    -0.265118;-0.024342;0.963909;,
    -0.288340;0.012577;0.957445;,
    -0.625425;0.016130;0.780118;,
    -0.292454;0.002968;0.956275;,
    -0.000082;0.026564;0.999647;,
    -0.326290;0.067043;-0.942889;,
    -0.693368;0.034188;-0.719772;,
    -0.989418;0.030996;-0.141742;,
    -0.911010;0.029318;0.411340;,
    -0.708235;-0.055810;-0.703768;,
    -0.985812;-0.013020;-0.167346;,
    -0.906018;0.014685;0.422984;,
    -0.574452;0.000946;0.818538;,
    -0.242049;-0.041361;0.969382;,
    0.000124;-0.010319;0.999947;,
    0.293277;0.003618;0.956021;,
    0.243369;-0.041169;0.969060;,
    -0.001047;-0.071321;0.997453;,
    -0.288340;0.012577;0.957445;,
    -0.000082;0.026564;0.999647;,
    0.000000;-0.010149;0.999949;,
    -0.265118;-0.024342;0.963909;,
    0.614227;0.266343;-0.742823;,
    0.831631;0.350205;-0.430983;,
    0.851658;0.234048;-0.468936;,
    0.603351;0.197792;-0.772558;,
    0.280522;0.092431;-0.955387;,
    0.330253;0.044560;-0.942840;,
    -0.000901;0.056189;-0.998420;,
    0.002165;0.043603;-0.999047;,
    -0.328496;0.052139;-0.943065;,
    -0.280366;0.096030;-0.955078;,
    -0.608146;0.277971;-0.743566;,
    -0.603675;0.203582;-0.770799;,
    -0.957935;0.252294;-0.136779;,
    -0.902459;0.404275;-0.148761;,
    -0.915483;0.243466;0.320335;,
    -0.860376;0.447160;0.244545;,
    -0.587471;0.562419;0.581862;,
    -0.633503;0.339834;0.695117;,
    -0.139367;0.582843;0.800544;,
    -0.182790;0.368291;0.911564;,
    -0.000009;0.376586;0.926382;,
    -0.000042;0.571445;0.820641;,
    0.245735;0.079002;-0.966112;,
    0.000000;0.041861;-0.999124;,
    -0.245735;0.079002;-0.966112;,
    0.141279;0.581079;0.801491;,
    0.140412;0.281725;0.949166;,
    0.233054;0.065010;0.970288;,
    0.668618;0.046585;0.742145;,
    0.633397;0.336243;0.696957;,
    0.935421;0.063279;0.347827;,
    0.916796;0.236427;0.321850;,
    0.593357;0.553615;0.584328;,
    0.289189;0.585289;0.757500;,
    0.000000;0.101822;0.994803;,
    0.000000;-0.010149;0.999949;,
    -0.233054;0.065010;0.970288;,
    -0.668618;0.046585;0.742145;,
    -0.935421;0.063279;0.347827;,
    0.866788;0.432824;0.247671;,
    0.908467;0.392229;0.144376;,
    0.955348;0.226723;0.189492;;
    202;
    3;0,1,2;,
    3;3,4,5;,
    3;6,7,8;,
    3;9,10,11;,
    3;11,10,12;,
    3;11,12,13;,
    3;13,12,14;,
    3;12,15,14;,
    3;16,15,12;,
    3;16,17,15;,
    3;18,17,16;,
    3;18,4,17;,
    3;18,19,4;,
    3;20,19,18;,
    3;16,20,18;,
    3;21,20,16;,
    3;12,21,16;,
    3;10,21,12;,
    3;22,23,24;,
    3;24,23,25;,
    3;24,25,26;,
    3;26,25,27;,
    3;26,27,28;,
    3;28,27,29;,
    3;28,29,30;,
    3;29,6,30;,
    3;30,6,31;,
    3;23,32,25;,
    3;25,32,33;,
    3;33,34,25;,
    3;25,34,27;,
    3;34,35,27;,
    3;27,35,29;,
    3;6,29,35;,
    3;36,37,38;,
    3;39,40,41;,
    3;40,42,41;,
    3;41,42,43;,
    3;41,43,44;,
    3;44,43,45;,
    3;43,46,45;,
    3;46,47,45;,
    3;48,47,46;,
    3;49,48,46;,
    3;50,48,49;,
    3;51,50,49;,
    3;52,50,51;,
    3;50,52,53;,
    3;42,40,54;,
    3;55,42,54;,
    3;55,56,42;,
    3;56,57,42;,
    3;42,57,43;,
    3;43,57,46;,
    3;57,49,46;,
    3;57,56,49;,
    3;56,58,49;,
    3;55,54,59;,
    3;60,55,59;,
    3;60,61,55;,
    3;61,56,55;,
    3;56,61,51;,
    3;61,62,51;,
    3;62,52,51;,
    3;63,64,65;,
    3;64,66,65;,
    3;67,66,64;,
    3;68,67,64;,
    3;64,69,68;,
    3;69,70,68;,
    3;70,69,71;,
    3;69,72,71;,
    3;71,72,73;,
    3;72,74,73;,
    3;75,73,74;,
    3;76,75,74;,
    3;76,74,77;,
    3;78,77,74;,
    3;78,79,77;,
    3;79,80,77;,
    3;80,79,81;,
    3;79,82,81;,
    3;81,82,83;,
    3;81,83,84;,
    3;84,83,85;,
    3;86,69,64;,
    3;69,86,72;,
    3;86,78,72;,
    3;72,78,74;,
    3;86,87,78;,
    3;87,79,78;,
    3;79,87,82;,
    3;87,86,63;,
    3;82,88,83;,
    3;83,88,89;,
    3;83,89,85;,
    3;85,89,90;,
    3;91,90,89;,
    3;91,92,90;,
    3;92,93,90;,
    3;92,94,93;,
    3;94,95,93;,
    3;94,45,95;,
    3;88,96,89;,
    3;96,91,89;,
    3;97,98,99;,
    3;100,97,99;,
    3;100,101,97;,
    3;100,102,101;,
    3;102,103,101;,
    3;101,103,104;,
    3;104,103,105;,
    3;103,106,105;,
    3;105,106,107;,
    3;106,108,107;,
    3;107,108,109;,
    3;108,110,109;,
    3;109,110,111;,
    3;110,112,111;,
    3;111,112,113;,
    3;112,114,113;,
    3;114,112,115;,
    3;116,114,115;,
    3;117,114,116;,
    3;100,99,118;,
    3;102,100,118;,
    3;119,102,118;,
    3;102,119,103;,
    3;119,106,103;,
    3;119,120,106;,
    3;120,108,106;,
    3;120,121,108;,
    3;121,110,108;,
    3;121,115,110;,
    3;115,112,110;,
    3;122,119,118;,
    3;122,123,119;,
    3;123,120,119;,
    3;120,123,124;,
    3;121,120,124;,
    3;121,124,125;,
    3;115,121,125;,
    3;116,115,125;,
    3;126,116,125;,
    3;127,116,126;,
    3;127,117,116;,
    3;127,128,117;,
    3;129,128,127;,
    3;130,129,127;,
    3;130,127,126;,
    3;131,132,133;,
    3;134,131,133;,
    3;135,136,137;,
    3;135,137,138;,
    3;139,135,138;,
    3;140,135,139;,
    3;141,140,139;,
    3;141,142,140;,
    3;141,143,142;,
    3;141,144,143;,
    3;143,144,145;,
    3;144,146,145;,
    3;145,146,147;,
    3;145,147,148;,
    3;148,147,149;,
    3;150,148,149;,
    3;151,150,149;,
    3;152,151,149;,
    3;151,152,153;,
    3;152,154,153;,
    3;154,155,153;,
    3;155,156,153;,
    3;139,138,157;,
    3;141,139,157;,
    3;158,141,157;,
    3;158,159,141;,
    3;159,144,141;,
    3;144,159,146;,
    3;155,160,156;,
    3;161,160,155;,
    3;162,161,155;,
    3;162,163,161;,
    3;163,164,161;,
    3;164,163,165;,
    3;166,164,165;,
    3;164,166,167;,
    3;164,167,160;,
    3;168,164,160;,
    3;169,162,155;,
    3;162,169,170;,
    3;170,169,171;,
    3;171,169,155;,
    3;154,171,155;,
    3;171,154,172;,
    3;154,152,172;,
    3;172,152,173;,
    3;152,149,173;,
    3;149,147,173;,
    3;167,166,174;,
    3;174,166,175;,
    3;175,166,176;,
    3;166,165,176;;
   }

   MeshTextureCoords {
    177;
    0.884766;0.375000;,
    0.910156;0.376953;,
    0.904297;0.351563;,
    0.888672;0.351563;,
    0.884766;0.375000;,
    0.904297;0.351563;,
    0.884766;0.375000;,
    0.888672;0.351563;,
    0.904297;0.351563;,
    0.910156;0.582031;,
    0.910156;0.498047;,
    0.896484;0.568359;,
    0.896484;0.498047;,
    0.884766;0.560547;,
    0.884766;0.496094;,
    0.884766;0.445313;,
    0.896484;0.445313;,
    0.884766;0.394531;,
    0.896484;0.394531;,
    0.910156;0.376953;,
    0.910156;0.394531;,
    0.910156;0.445313;,
    0.910156;0.582031;,
    0.896484;0.568359;,
    0.910156;0.498047;,
    0.896484;0.498047;,
    0.910156;0.445313;,
    0.896484;0.445313;,
    0.910156;0.394531;,
    0.896484;0.394531;,
    0.910156;0.376953;,
    0.904297;0.351563;,
    0.884766;0.560547;,
    0.884766;0.496094;,
    0.884766;0.445313;,
    0.884766;0.394531;,
    0.898438;0.927734;,
    0.902344;0.857422;,
    0.939453;0.929688;,
    0.511719;1.000000;,
    0.470703;1.000000;,
    0.511719;0.931641;,
    0.468750;0.929688;,
    0.511719;0.861328;,
    0.552734;0.859375;,
    0.552734;0.787109;,
    0.511719;0.791016;,
    0.509766;0.716797;,
    0.464844;0.720703;,
    0.466797;0.792969;,
    0.408203;0.718750;,
    0.412109;0.794922;,
    0.365234;0.718750;,
    0.365234;0.656250;,
    0.412109;1.000000;,
    0.412109;0.931641;,
    0.414063;0.865234;,
    0.466797;0.863281;,
    0.412109;0.794922;,
    0.365234;1.000000;,
    0.365234;0.933594;,
    0.365234;0.865234;,
    0.365234;0.794922;,
    0.898438;0.927734;,
    0.939453;0.929688;,
    0.894531;1.000000;,
    0.929688;1.000000;,
    0.996094;1.000000;,
    0.996094;0.933594;,
    0.945313;0.863281;,
    0.996094;0.865234;,
    0.996094;0.794922;,
    0.947266;0.792969;,
    0.996094;0.718750;,
    0.949219;0.716797;,
    0.996094;0.656250;,
    0.951172;0.654297;,
    0.904297;0.712891;,
    0.902344;0.789063;,
    0.869141;0.789063;,
    0.869141;0.714844;,
    0.833984;0.712891;,
    0.835938;0.789063;,
    0.789063;0.716797;,
    0.787109;0.654297;,
    0.742188;0.656250;,
    0.902344;0.857422;,
    0.869141;0.855469;,
    0.791016;0.792969;,
    0.742188;0.718750;,
    0.697266;0.718750;,
    0.695313;0.794922;,
    0.640625;0.792969;,
    0.642578;0.720703;,
    0.595703;0.791016;,
    0.597656;0.716797;,
    0.742188;0.794922;,
    0.898438;0.927734;,
    0.894531;1.000000;,
    0.869141;1.000000;,
    0.869141;0.927734;,
    0.869141;0.855469;,
    0.839844;0.927734;,
    0.837891;0.857422;,
    0.835938;0.789063;,
    0.791016;0.792969;,
    0.792969;0.863281;,
    0.742188;0.794922;,
    0.742188;0.865234;,
    0.695313;0.794922;,
    0.693359;0.865234;,
    0.640625;0.792969;,
    0.638672;0.863281;,
    0.595703;0.791016;,
    0.595703;0.861328;,
    0.638672;0.929688;,
    0.595703;0.931641;,
    0.552734;0.859375;,
    0.845703;1.000000;,
    0.798828;0.929688;,
    0.742188;0.933594;,
    0.695313;0.931641;,
    0.808594;1.000000;,
    0.742188;1.000000;,
    0.695313;1.000000;,
    0.634766;1.000000;,
    0.593750;1.000000;,
    0.552734;0.937500;,
    0.511719;0.931641;,
    0.511719;1.000000;,
    0.552734;1.000000;,
    0.595703;0.861328;,
    0.552734;0.859375;,
    0.552734;0.787109;,
    0.595703;0.791016;,
    0.953125;0.607422;,
    0.996094;0.607422;,
    0.996094;0.656250;,
    0.951172;0.654297;,
    0.906250;0.656250;,
    0.908203;0.607422;,
    0.869141;0.669922;,
    0.869141;0.607422;,
    0.832031;0.607422;,
    0.832031;0.656250;,
    0.787109;0.607422;,
    0.787109;0.654297;,
    0.742188;0.656250;,
    0.742188;0.607422;,
    0.699219;0.656250;,
    0.712891;0.607422;,
    0.669922;0.607422;,
    0.654297;0.656250;,
    0.603516;0.607422;,
    0.601563;0.652344;,
    0.552734;0.646484;,
    0.552734;0.607422;,
    0.904297;0.712891;,
    0.869141;0.714844;,
    0.833984;0.712891;,
    0.503906;0.607422;,
    0.505859;0.652344;,
    0.509766;0.716797;,
    0.464844;0.720703;,
    0.453125;0.656250;,
    0.408203;0.718750;,
    0.408203;0.656250;,
    0.437500;0.607422;,
    0.505859;0.652344;,
    0.552734;0.712891;,
    0.552734;0.787109;,
    0.597656;0.716797;,
    0.642578;0.720703;,
    0.697266;0.718750;,
    0.394531;0.607422;,
    0.365234;0.607422;,
    0.365234;0.656250;;
   }

   MeshMaterialList {
    1;
    202;
    0,
    0,
    0,
    0,
    0,
    0,
    0,
    0,
    0,
    0,
    0,
    0,
    0,
    0,
    0,
    0,
    0,
    0,
    0,
    0,
    0,
    0,
    0,
    0,
    0,
    0,
    0,
    0,
    0,
    0,
    0,
    0,
    0,
    0,
    0,
    0,
    0,
    0,
    0,
    0,
    0,
    0,
    0,
    0,
    0,
    0,
    0,
    0,
    0,
    0,
    0,
    0,
    0,
    0,
    0,
    0,
    0,
    0,
    0,
    0,
    0,
    0,
    0,
    0,
    0,
    0,
    0,
    0,
    0,
    0,
    0,
    0,
    0,
    0,
    0,
    0,
    0,
    0,
    0,
    0,
    0,
    0,
    0,
    0,
    0,
    0,
    0,
    0,
    0,
    0,
    0,
    0,
    0,
    0,
    0,
    0,
    0,
    0,
    0,
    0,
    0,
    0,
    0,
    0,
    0,
    0,
    0,
    0,
    0,
    0,
    0,
    0,
    0,
    0,
    0,
    0,
    0,
    0,
    0,
    0,
    0,
    0,
    0,
    0,
    0,
    0,
    0,
    0,
    0,
    0,
    0,
    0,
    0,
    0,
    0,
    0,
    0,
    0,
    0,
    0,
    0,
    0,
    0,
    0,
    0,
    0,
    0,
    0,
    0,
    0,
    0,
    0,
    0,
    0,
    0,
    0,
    0,
    0,
    0,
    0,
    0,
    0,
    0,
    0,
    0,
    0,
    0,
    0,
    0,
    0,
    0,
    0,
    0,
    0,
    0,
    0,
    0,
    0,
    0,
    0,
    0,
    0,
    0,
    0,
    0,
    0,
    0,
    0,
    0,
    0,
    0,
    0,
    0,
    0,
    0,
    0,
    0,
    0,
    0,
    0,
    0,
    0;

    Material {
     1.000000;1.000000;1.000000;1.000000;;
     10.000000;
     0.000000;0.000000;0.000000;;
     0.000000;0.000000;0.000000;;

     TextureFilename {
      "Mystic_A_diff.dds";
     }
    }
   }

   VertexDuplicationIndices {
    177;
    130;
    0,
    1,
    2,
    3,
    0,
    2,
    6,
    7,
    8,
    9,
    10,
    11,
    12,
    13,
    14,
    15,
    16,
    17,
    18,
    1,
    20,
    21,
    22,
    23,
    24,
    25,
    26,
    27,
    28,
    29,
    30,
    8,
    32,
    33,
    34,
    35,
    36,
    37,
    38,
    39,
    40,
    41,
    42,
    43,
    44,
    45,
    46,
    47,
    48,
    49,
    50,
    51,
    52,
    53,
    54,
    55,
    56,
    57,
    51,
    59,
    60,
    61,
    62,
    36,
    38,
    65,
    66,
    59,
    60,
    69,
    61,
    62,
    72,
    52,
    74,
    53,
    76,
    77,
    78,
    79,
    80,
    81,
    82,
    83,
    84,
    85,
    37,
    87,
    88,
    89,
    90,
    91,
    92,
    93,
    94,
    95,
    96,
    36,
    65,
    99,
    100,
    87,
    102,
    103,
    82,
    88,
    106,
    96,
    108,
    91,
    110,
    92,
    112,
    94,
    114,
    115,
    116,
    44,
    118,
    119,
    120,
    121,
    122,
    123,
    124,
    125,
    126,
    127,
    41,
    39,
    130,
    114,
    44,
    45,
    94,
    135,
    136,
    53,
    76,
    139,
    140,
    141,
    142,
    143,
    144,
    145,
    84,
    85,
    148,
    149,
    150,
    151,
    152,
    153,
    154,
    155,
    156,
    77,
    80,
    81,
    160,
    161,
    47,
    48,
    164,
    50,
    166,
    167,
    161,
    169,
    45,
    95,
    93,
    90,
    174,
    136,
    53;
   }

   XSkinMeshHeader {
    4;
    4;
    7;
   }

   SkinWeights {
    "Pelvis";
    27;
    135,
    136,
    139,
    140,
    141,
    142,
    143,
    144,
    145,
    148,
    149,
    150,
    151,
    152,
    153,
    154,
    155,
    156,
    160,
    161,
    164,
    166,
    167,
    168,
    169,
    174,
    175;
    1.000000,
    1.000000,
    0.600000,
    1.000000,
    0.505750,
    1.000000,
    1.000000,
    0.360000,
    1.000000,
    1.000000,
    0.600000,
    1.000000,
    1.000000,
    0.800000,
    1.000000,
    0.800000,
    0.810000,
    1.000000,
    1.000000,
    0.800000,
    0.800000,
    0.600000,
    1.000000,
    0.800000,
    0.450000,
    1.000000,
    1.000000;
    1.000000,0.000000,0.000000,0.000000,0.000000,1.000000,0.000000,0.000000,0.000000,0.000000,1.000000,0.000000,0.000000,-50.612251,-1.903915,1.000000;;
   }

   SkinWeights {
    "right_weapon";
    36;
    0,
    1,
    2,
    3,
    4,
    5,
    6,
    7,
    8,
    9,
    10,
    11,
    12,
    13,
    14,
    15,
    16,
    17,
    18,
    19,
    20,
    21,
    22,
    23,
    24,
    25,
    26,
    27,
    28,
    29,
    30,
    31,
    32,
    33,
    34,
    35;
    1.000000,
