xof 0303txt 0032
template VertexDuplicationIndices {
 <b8d65549-d7c9-4995-89cf-53a9a8b031e3>
 DWORD nIndices;
 DWORD nOriginalVertices;
 array DWORD indices[nIndices];
}

template EffectParamDWord {
 <e13963bc-ae51-4c5d-b00f-cfa3a9d97ce5>
 STRING ParamName;
 DWORD Value;
}

template FVFData {
 <b6e70a0e-8ef9-4e83-94ad-ecc8b0c04897>
 DWORD dwFVF;
 DWORD nDWords;
 array DWORD data[nDWords];
}

template EffectFloats {
 <f1cfe2b3-0de3-4e28-afa1-155a750a282d>
 DWORD nFloats;
 array FLOAT Floats[nFloats];
}

template EffectString {
 <d55b097e-bdb6-4c52-b03d-6051c89d0e42>
 STRING Value;
}

template EffectDWord {
 <622c0ed0-956e-4da9-908a-2af94f3ce716>
 DWORD Value;
}

template EffectInstance {
 <e331f7e4-0559-4cc2-8e99-1cec1657928f>
 STRING EffectFilename;
 [...]
}

template AnimTicksPerSecond {
 <9e415a43-7ba6-4a73-8743-b73d47e88476>
 DWORD AnimTicksPerSecond;
}

template VertexElement {
 <f752461c-1e23-48f6-b9f8-8350850f336f>
 DWORD Type;
 DWORD Method;
 DWORD Usage;
 DWORD UsageIndex;
}

template DeclData {
 <bf22e553-292c-4781-9fea-62bd554bdd93>
 DWORD nElements;
 array VertexElement Elements[nElements];
 DWORD nDWords;
 array DWORD data[nDWords];
}

template EffectParamFloats {
 <3014b9a0-62f5-478c-9b86-e4ac9f4e418b>
 STRING ParamName;
 DWORD nFloats;
 array FLOAT Floats[nFloats];
}

template EffectParamString {
 <1dbc4c88-94c1-46ee-9076-2c28818c9481>
 STRING ParamName;
 STRING Value;
}


AnimTicksPerSecond {
 4800;
}

Frame {
 

 FrameTransformMatrix {
  1.000000,0.000000,0.000000,0.000000,0.000000,1.000000,0.000000,0.000000,0.000000,0.000000,1.000000,0.000000,0.000000,0.000000,0.000000,1.000000;;
 }

 Frame Pelvis {
  

  FrameTransformMatrix {
   0.999626,-0.016601,-0.021740,0.000000,0.013260,0.989240,-0.145702,0.000000,0.023924,0.145359,0.989090,0.000000,2.316584,42.568958,-6.535331,1.000000;;
  }

  Frame Spine1 {
   

   FrameTransformMatrix {
    0.999488,0.015276,-0.028098,0.000000,-0.017881,0.995326,-0.094902,0.000000,0.026517,0.095356,0.995090,0.000000,0.000000,2.940211,-0.590600,1.000000;;
   }

   Frame Spine2 {
    

    FrameTransformMatrix {
     0.994296,0.024525,0.103798,0.000000,-0.003093,0.979424,-0.201788,0.000000,-0.106611,0.200316,0.973914,0.000000,0.000000,4.595612,0.107003,1.000000;;
    }

    Frame Spine3 {
     

     FrameTransformMatrix {
      0.997405,0.033987,0.063468,0.000000,-0.027928,0.995178,-0.094027,0.000000,-0.066358,0.092010,0.993545,0.000000,0.000000,4.901008,0.697601,1.000000;;
     }

     Frame Neck {
      

      FrameTransformMatrix {
       0.999988,0.004674,-0.001581,0.000000,-0.004495,0.995098,0.098797,0.000000,0.002035,-0.098788,0.995106,0.000000,0.000001,18.363586,0.710238,1.000000;;
      }

      Frame Head {
       

       FrameTransformMatrix {
        0.985777,-0.099495,-0.135440,0.000000,0.136254,0.944934,0.297547,0.000000,0.098377,-0.311770,0.945051,0.000000,0.000001,3.119078,-1.151648,1.000000;;
       }

       Frame Jaw {
        

        FrameTransformMatrix {
         1.000000,0.000000,0.000000,0.000000,0.000000,1.000000,0.000000,0.000000,0.000000,0.000000,1.000000,0.000000,-0.000000,-0.280934,-3.916758,1.000000;;
        }
       }
      }
     }

     Frame left_collar {
      

      FrameTransformMatrix {
       0.936507,-0.191087,0.294008,0.000000,0.218828,0.973647,-0.064227,0.000000,-0.273987,0.124486,0.953643,0.000000,1.494628,8.075001,-0.176857,1.000000;;
      }

      Frame left_shoulder {
       

       FrameTransformMatrix {
        0.714588,-0.659993,-0.231890,0.000000,0.570564,0.741673,-0.352672,0.000000,0.404748,0.119707,0.906559,0.000000,9.613431,2.866763,2.207054,1.000000;;
       }

       Frame left_elbow {
        

        FrameTransformMatrix {
         0.762922,0.000000,-0.646490,0.000000,0.000000,1.000000,0.000000,0.000000,0.646490,0.000000,0.762922,0.000000,15.266002,0.000000,-0.000003,1.000000;;
        }

        Frame left_wrist {
         

         FrameTransformMatrix {
          0.949259,-0.117505,-0.291719,0.000000,0.137222,0.989378,0.048000,0.000000,0.282979,-0.085594,0.955298,0.000000,16.163136,0.000004,0.000002,1.000000;;
         }

         Frame left_index1 {
          

          FrameTransformMatrix {
           -0.099864,0.000003,-0.994998,0.000000,0.911557,-0.400879,-0.091490,0.000000,-0.398872,-0.916130,0.040031,0.000000,7.618704,0.970370,-2.030686,1.000000;;
          }

          Frame left_index2 {
           

           FrameTransformMatrix {
            0.994415,0.104240,-0.016178,0.000000,-0.084781,0.881016,0.465433,0.000000,0.062770,-0.461465,0.884939,0.000000,-0.000001,2.509846,0.000000,1.000000;;
           }
          }
         }

         Frame left_middle1 {
          

          FrameTransformMatrix {
           0.106335,-0.000001,-0.994327,0.000000,0.866349,-0.490780,0.092650,0.000000,-0.487994,-0.871283,-0.052186,0.000000,6.925304,0.970373,1.526649,1.000000;;
          }

          Frame left_middle2 {
           

           FrameTransformMatrix {
            0.995055,-0.098734,0.010211,0.000000,0.041320,0.505556,0.861804,0.000000,-0.090253,-0.857131,0.507142,0.000000,0.000000,3.746899,-0.000003,1.000000;;
           }
          }
         }

         Frame left_thumb1 {
          

          FrameTransformMatrix {
           0.999997,0.000000,0.000000,0.000000,0.000000,1.000005,0.000000,0.000000,0.000000,0.000000,0.999998,0.000000,2.625032,-0.713505,-2.764874,1.000000;;
          }
         }
        }
       }
      }
     }

     Frame right_collar {
      

      FrameTransformMatrix {
       0.999265,0.033928,-0.017849,0.000000,-0.033552,0.999218,0.020925,0.000000,0.018545,-0.020311,0.999622,0.000000,-1.494628,8.075024,-0.176853,1.000000;;
      }

      Frame right_shoulder {
       

       FrameTransformMatrix {
        0.448653,0.844988,-0.291042,0.000000,-0.889443,0.453942,-0.053173,0.000000,0.087185,0.282722,0.955232,0.000000,-9.613424,2.866715,2.207044,1.000000;;
       }

       Frame right_elbow {
        

        FrameTransformMatrix {
         0.734615,0.000000,0.678485,0.000000,-0.000000,1.000000,0.000000,0.000000,-0.678485,-0.000000,0.734615,0.000000,-15.266006,-0.000004,0.000003,1.000000;;
        }

        Frame right_wrist {
         

         FrameTransformMatrix {
          0.959363,-0.281417,-0.020785,0.000000,0.280863,0.945163,0.166669,0.000000,-0.027258,-0.165733,0.985793,0.000000,-18.820700,0.000000,-0.000000,1.000000;;
         }

         Frame right_index1 {
          

          FrameTransformMatrix {
           -0.099853,-0.000025,0.995008,0.000000,-0.474896,-0.878745,-0.047680,0.000000,0.874356,-0.477284,0.087733,0.000000,-7.618721,0.970356,-2.030687,1.000000;;
          }

          Frame right_index2 {
           

           FrameTransformMatrix {
            0.994432,-0.104247,0.016156,0.000000,0.049223,0.593983,0.802959,0.000000,-0.093302,-0.797689,0.595804,0.000000,0.000000,2.509686,-0.000002,1.000000;;
           }
          }
         }

         Frame right_middle1 {
          

          FrameTransformMatrix {
           0.106312,-0.000041,0.994338,0.000000,-0.048247,-0.998818,0.005118,0.000000,0.993160,-0.048517,-0.106188,0.000000,-6.925293,0.970356,1.526649,1.000000;;
          }

          Frame right_middle2 {
           

           FrameTransformMatrix {
            0.995076,0.098714,-0.010225,0.000000,-0.043463,0.526091,0.849306,0.000000,0.089217,-0.844673,0.527787,0.000000,0.000000,3.746811,-0.000004,1.000000;;
           }
          }
         }

         Frame right_thumb1 {
          

          FrameTransformMatrix {
           0.829430,0.470549,-0.301066,0.000000,-0.524285,0.841741,-0.128800,0.000000,0.192812,0.264674,0.944864,0.000000,-2.624969,-0.713495,-2.764883,1.000000;;
          }
         }

         Frame right_weapon {
          

          FrameTransformMatrix {
           -0.848628,-0.470402,0.241999,0.000000,0.450838,-0.882437,-0.134324,0.000000,0.276734,-0.004889,0.960932,0.000000,-0.080100,-0.535916,7.587319,1.000000;;
          }
         }
        }
       }
      }
     }
    }
   }
  }

  Frame left_thigh {
   

   FrameTransformMatrix {
    0.869793,0.154252,0.468686,0.000000,-0.482588,0.463855,0.742931,0.000000,-0.102803,-0.872379,0.477898,0.000000,6.829535,-7.999108,0.000000,1.000000;;
   }

   Frame left_knee {
    

    FrameTransformMatrix {
     1.000000,0.000000,-0.000000,0.000000,-0.000000,0.538245,-0.842788,0.000000,0.000000,0.842788,0.538245,0.000000,0.000000,-16.335064,0.054197,1.000000;;
    }

    Frame left_ankle {
     

     FrameTransformMatrix {
      0.977153,-0.208713,0.040123,0.000000,0.206236,0.976763,0.058312,0.000000,-0.051361,-0.048705,0.997492,0.000000,0.000003,-17.237272,1.812822,1.000000;;
     }

     Frame left_ball {
      

      FrameTransformMatrix {
       1.000000,0.000000,0.000000,0.000000,0.000000,1.000000,0.000000,0.000000,0.000000,0.000000,1.000000,0.000000,0.000002,-6.017998,-8.177462,1.000000;;
      }
     }
    }
   }
  }

  Frame right_thigh {
   

   FrameTransformMatrix {
    0.665485,-0.385846,-0.638947,0.000000,0.544916,0.836149,0.062617,0.000000,0.510094,-0.389843,0.766698,0.000000,-6.829529,-7.999032,0.000006,1.000000;;
   }

   Frame right_knee {
    

    FrameTransformMatrix {
     1.000000,0.000000,-0.000000,0.000000,-0.000000,0.710180,-0.704020,0.000000,0.000000,0.704020,0.710180,0.000000,0.000000,-16.335131,0.054197,1.000000;;
    }

    Frame right_ankle {
     

     FrameTransformMatrix {
      0.873998,0.445361,0.194372,0.000000,-0.485629,0.786493,0.381565,0.000000,0.017062,-0.427880,0.903674,0.000000,0.000002,-17.237288,1.812814,1.000000;;
     }

     Frame right_ball {
      

      FrameTransformMatrix {
       1.000000,0.000000,0.000000,0.000000,0.000000,1.000000,0.000000,0.000000,0.000000,0.000000,1.000000,0.000000,0.000003,-6.017999,-8.177462,1.000000;;
      }
     }
    }
   }
  }

  Frame left_frontSkirt {
   

   FrameTransformMatrix {
    0.852862,0.485394,0.192403,0.000000,-0.521838,0.779931,0.345531,0.000000,0.017658,-0.395094,0.918471,0.000000,12.971436,-2.174676,-5.402200,1.000000;;
   }
  }

  Frame right_frontSkirt {
   

   FrameTransformMatrix {
    0.918864,-0.380523,-0.104357,0.000000,0.375307,0.924511,-0.066513,0.000000,0.121789,0.021950,0.992313,0.000000,-12.979806,-2.174615,-5.402200,1.000000;;
   }
  }
 }

 Frame A_normal_mat {
  

  FrameTransformMatrix {
   1.000000,0.000000,0.000000,0.000000,0.000000,1.000000,0.000000,0.000000,0.000000,0.000000,1.000000,0.000000,0.000000,0.000000,0.000000,1.000000;;
  }

  Mesh A_normal_mat {
   3476;
   1.925447;88.699646;-8.213229;,
   3.213115;87.744492;-10.712934;,
   3.277815;87.039749;-10.461516;,
   2.226778;86.414795;-11.336412;,
   1.142799;86.214706;-11.839035;,
   1.066393;86.636414;-12.192057;,
   2.037000;85.480553;-11.846443;,
   0.843110;85.012138;-12.940460;,
   0.000000;86.328545;-13.550056;,
   0.000000;86.712906;-12.145164;,
   2.889851;85.339859;-11.054138;,
   3.354596;84.747391;-10.173690;,
   2.413332;84.185265;-11.208146;,
   4.976668;84.875732;-10.218607;,
   4.246028;84.338898;-9.592117;,
   4.495387;84.632431;-8.994292;,
   5.128616;85.566376;-9.709796;,
   4.447154;85.562119;-8.783886;,
   4.107742;87.081680;-9.483351;,
   4.177170;87.044182;-8.758080;,
   4.900098;86.451622;-5.571836;,
   4.835659;87.493774;-5.156560;,
   2.973181;86.443085;-1.790051;,
   3.213115;87.744492;-10.712934;,
   4.539023;88.539207;-9.761038;,
   4.083250;88.686043;-9.350099;,
   4.380290;89.707756;-6.036986;,
   4.055624;90.478500;-3.059425;,
   3.696884;87.450958;-2.151881;,
   3.359508;88.616020;-11.809441;,
   4.072187;88.964134;-9.936121;,
   2.733179;90.839630;-10.729818;,
   3.879840;91.776901;-7.120188;,
   1.738958;86.941551;-11.781829;,
   1.531983;87.846024;-12.649515;,
   2.601563;89.644608;-11.227212;,
   1.925447;88.699646;-8.213229;,
   0.000000;87.643860;-12.371923;,
   0.000000;90.463715;-11.816648;,
   0.000000;91.741737;-10.746847;,
   3.088911;92.936302;-6.906418;,
   3.843728;92.119110;-3.559494;,
   -1.531983;87.846024;-12.649515;,
   -2.601563;89.644608;-11.227212;,
   -2.733179;90.839630;-10.729818;,
   0.000000;91.741737;-10.746847;,
   -3.088911;92.936302;-6.906418;,
   0.000000;93.981033;-6.574036;,
   -1.066393;86.636414;-12.192057;,
   -1.738958;86.941551;-11.781829;,
   -1.925447;88.699646;-8.213229;,
   -1.142799;86.214706;-11.839035;,
   -1.925447;88.699646;-8.213229;,
   -2.226778;86.414795;-11.336412;,
   -3.277815;87.039749;-10.461516;,
   -3.213115;87.744492;-10.712934;,
   -0.843110;85.012138;-12.940460;,
   -2.037000;85.480553;-11.846443;,
   0.000000;85.013550;-13.015462;,
   0.000000;84.464577;-13.305180;,
   0.000000;82.521584;-13.463051;,
   -1.138230;82.684944;-12.629504;,
   -2.276460;83.394020;-11.658302;,
   -2.413332;84.185265;-11.208146;,
   1.138230;82.684944;-12.629504;,
   2.276460;83.394020;-11.658302;,
   -3.354596;84.747391;-10.173690;,
   -2.889851;85.339859;-11.054138;,
   -4.976667;84.875732;-10.218607;,
   -5.128616;85.566376;-9.709796;,
   -4.107742;87.081680;-9.483351;,
   -3.213115;87.744492;-10.712934;,
   -4.246028;84.338898;-9.592117;,
   -4.495387;84.632431;-8.994292;,
   -4.447154;85.562119;-8.783886;,
   -4.177170;87.044182;-8.758080;,
   -4.083250;88.686043;-9.350099;,
   -4.539023;88.539207;-9.761038;,
   -3.359508;88.616020;-11.809441;,
   -1.925447;88.699646;-8.213229;,
   -4.900098;86.451622;-5.571836;,
   -4.835659;87.493774;-5.156560;,
   -4.380290;89.707756;-6.036986;,
   -2.973181;86.443085;-1.790051;,
   -3.696884;87.450958;-2.151881;,
   -4.055624;90.478500;-3.059425;,
   -4.380290;89.707756;-6.036986;,
   -3.879840;91.776901;-7.120188;,
   -2.706211;88.070587;-0.551243;,
   -3.100855;90.792503;-1.705217;,
   -3.843728;92.119110;-3.559494;,
   -2.609445;93.595825;-4.096175;,
   0.000000;94.387688;-3.742619;,
   0.000000;87.180107;0.292152;,
   0.000000;88.564743;0.750767;,
   0.000000;91.402420;0.279427;,
   0.000000;93.121094;-1.391431;,
   0.000000;94.387688;-3.742619;,
   -4.072187;88.964134;-9.936121;,
   -2.733179;90.839630;-10.729818;,
   -1.738958;86.941551;-11.781829;,
   0.000000;93.981033;-6.574036;,
   2.609445;93.595825;-4.096175;,
   3.100855;90.792503;-1.705217;,
   0.000000;94.387688;-3.742619;,
   0.000000;93.121094;-1.391431;,
   0.000000;91.402420;0.279427;,
   2.706211;88.070587;-0.551243;,
   0.000000;87.180107;0.292152;,
   0.000000;88.564743;0.750767;,
   0.000000;85.844460;-8.933634;,
   4.246028;84.338898;-9.592117;,
   4.495387;84.632431;-8.994292;,
   3.354596;84.747391;-10.173690;,
   2.413332;84.185265;-11.208146;,
   0.000000;85.150658;-10.630692;,
   2.276460;83.394020;-11.658302;,
   4.447154;85.562119;-8.783886;,
   0.000000;86.665825;-5.692909;,
   -4.447154;85.562119;-8.783886;,
   -4.495387;84.632431;-8.994292;,
   -4.246028;84.338898;-9.592117;,
   -3.354596;84.747391;-10.173690;,
   -2.413332;84.185265;-11.208146;,
   4.900098;86.451622;-5.571836;,
   2.973181;86.443085;-1.790051;,
   0.000000;86.394577;-1.891902;,
   -2.973181;86.443085;-1.790051;,
   -4.900098;86.451622;-5.571836;,
   0.000000;87.180107;0.292152;,
   -2.276460;83.394020;-11.658302;,
   0.000000;83.748924;-11.581952;,
   1.138230;82.684944;-12.629504;,
   0.000000;82.521584;-13.463051;,
   -1.138230;82.684944;-12.629504;,
   1.163352;82.625046;-12.702746;,
   1.782938;80.089096;-11.408544;,
   1.753555;83.137329;-11.664898;,
   0.000000;82.372528;-12.994010;,
   1.152712;79.493828;-12.084539;,
   3.171519;83.957092;-6.391265;,
   3.219584;86.639389;-7.346191;,
   2.372650;85.937393;-8.673695;,
   2.934041;84.013550;-9.341033;,
   3.752351;82.583069;-6.711325;,
   2.844969;81.614075;-9.414238;,
   1.753555;83.137329;-11.664898;,
   1.782938;80.089096;-11.408544;,
   0.000000;79.342506;-12.397655;,
   1.152712;79.493828;-12.084539;,
   -1.152712;79.493828;-12.084539;,
   -1.782938;80.089096;-11.408544;,
   -1.163352;82.625046;-12.702746;,
   -1.753555;83.137329;-11.664898;,
   -2.844969;81.614075;-9.414238;,
   -2.934041;84.013550;-9.341033;,
   -3.752351;82.583069;-6.711325;,
   -3.171519;83.957092;-6.391265;,
   -2.372650;85.937393;-8.673695;,
   -3.219584;86.639389;-7.346191;,
   3.219584;86.639389;-7.346191;,
   3.171519;83.957092;-6.391265;,
   3.553809;86.336929;-7.509435;,
   3.505446;83.954353;-6.680530;,
   3.491126;83.839912;-9.284680;,
   2.726986;85.803833;-8.540134;,
   3.219584;86.639389;-7.346191;,
   2.372650;85.937393;-8.673695;,
   2.934041;84.013550;-9.341033;,
   3.752351;82.583069;-6.711325;,
   4.085199;82.882202;-7.147420;,
   3.155252;81.950317;-9.713854;,
   1.995871;82.597588;-12.119394;,
   1.753555;83.137329;-11.664898;,
   2.844969;81.614075;-9.414238;,
   1.782938;80.089096;-11.408544;,
   2.041834;80.009895;-12.431554;,
   1.358463;82.269150;-13.150979;,
   1.163352;82.625046;-12.702746;,
   1.152712;79.493828;-12.084539;,
   1.280896;79.779877;-13.006775;,
   0.000000;82.079865;-13.746205;,
   0.000000;82.372528;-12.994010;,
   0.000000;79.342506;-12.397655;,
   0.000000;79.575829;-13.482725;,
   -1.280896;79.779877;-13.006775;,
   -1.358463;82.269150;-13.150979;,
   -1.163352;82.625046;-12.702746;,
   -1.995871;82.597588;-12.119394;,
   -1.753555;83.137329;-11.664898;,
   -1.152712;79.493828;-12.084539;,
   -2.041834;80.009895;-12.431554;,
   -3.155252;81.950317;-9.713854;,
   -3.491125;83.839912;-9.284680;,
   -2.934041;84.013550;-9.341033;,
   -2.726986;85.803833;-8.540134;,
   -2.372650;85.937393;-8.673695;,
   -1.782938;80.089096;-11.408544;,
   -2.844969;81.614075;-9.414238;,
   -4.085199;82.882202;-7.147420;,
   -3.505446;83.954353;-6.680530;,
   -3.553810;86.336929;-7.509435;,
   -3.219584;86.639389;-7.346191;,
   -3.752351;82.583069;-6.711325;,
   -3.171519;83.957092;-6.391265;,
   -3.219584;86.639389;-7.346191;,
   25.983290;73.287346;2.732132;,
   26.495628;70.730362;0.431850;,
   26.215607;73.398537;-2.357129;,
   26.704716;75.945496;0.496098;,
   26.495628;70.730362;0.431850;,
   25.983290;73.287346;2.732132;,
   24.425396;71.841805;0.444664;,
   24.499201;73.645180;2.291549;,
   15.149629;73.676239;-0.003995;,
   15.048251;72.824905;-1.512646;,
   11.062065;73.739487;0.993547;,
   10.840405;72.544624;-1.997793;,
   9.873994;73.861778;0.912204;,
   10.398696;77.461212;-0.780829;,
   15.186703;74.983688;-1.210712;,
   11.730393;76.547089;-1.105025;,
   10.906855;74.959320;-4.067484;,
   9.867533;74.915794;-3.801895;,
   9.451484;75.258499;-1.274170;,
   9.873994;73.861778;0.912204;,
   24.606144;75.438835;0.094041;,
   24.533268;73.615532;-1.766557;,
   15.178242;74.227196;-2.547830;,
   15.048251;72.824905;-1.512646;,
   10.840405;72.544624;-1.997793;,
   25.983290;73.287346;2.732132;,
   26.704716;75.945496;0.496098;,
   26.215607;73.398537;-2.357129;,
   24.425396;71.841805;0.444664;,
   24.533268;73.615532;-1.766557;,
   26.215607;73.398537;-2.357129;,
   26.495628;70.730362;0.431850;,
   10.840405;72.544624;-1.997793;,
   30.765007;73.231316;4.857920;,
   33.367077;71.874741;4.517499;,
   31.114719;72.799255;6.077834;,
   26.542448;74.349701;-0.288223;,
   26.896847;75.520622;-1.835194;,
   33.820118;74.564484;-2.411896;,
   33.453621;74.437805;-0.834428;,
   26.409473;75.523132;1.563211;,
   33.414494;76.188423;-0.338098;,
   27.308281;76.768005;-0.067239;,
   26.868830;77.140366;0.110592;,
   26.896847;75.520622;-1.835194;,
   45.395866;73.593918;-2.466155;,
   45.354240;74.135231;-1.170597;,
   45.503067;75.558434;-1.372904;,
   33.799564;76.327682;-1.846772;,
   33.820118;74.564484;-2.411896;,
   45.551548;75.014420;-2.663202;,
   45.395866;73.593918;-2.466155;,
   45.785934;73.043579;-2.227102;,
   45.715355;73.721992;-0.655781;,
   46.010868;75.340996;-0.745935;,
   46.081459;74.662552;-2.317265;,
   45.785934;73.043579;-2.227102;,
   46.010868;75.340996;-0.745935;,
   45.785934;73.043579;-2.227102;,
   45.715355;73.721992;-0.655781;,
   26.542448;74.349701;-0.288223;,
   26.409473;75.523132;1.563211;,
   26.896847;75.520622;-1.835194;,
   45.839729;74.334976;1.214765;,
   45.820827;75.031494;0.499465;,
   44.937454;73.603409;1.357647;,
   45.015667;74.366219;0.563164;,
   33.616707;71.151337;2.805750;,
   34.344509;73.101196;1.218094;,
   28.945881;73.606483;0.403308;,
   28.619287;72.204636;2.475173;,
   26.108421;72.791573;2.146656;,
   44.972866;73.642471;-0.277460;,
   34.197601;71.150307;-0.554543;,
   29.280167;72.523628;-1.819255;,
   26.644838;72.862305;-2.084242;,
   26.770119;73.940559;-0.010244;,
   45.871426;74.370079;-0.247954;,
   44.821968;72.973038;0.515499;,
   45.709465;73.724854;0.458667;,
   45.839729;74.334976;1.214765;,
   44.937454;73.603409;1.357647;,
   33.966988;69.895424;1.114223;,
   33.616707;71.151337;2.805750;,
   28.619287;72.204636;2.475173;,
   28.421152;70.682610;0.174788;,
   27.318060;70.757149;-0.067324;,
   26.108421;72.791573;2.146656;,
   26.588964;69.608917;-0.099526;,
   26.108421;72.791573;2.146656;,
   26.770119;73.940559;-0.010244;,
   26.588964;69.608917;-0.099526;,
   45.839729;74.334976;1.214765;,
   45.871426;74.370079;-0.247954;,
   45.820827;75.031494;0.499465;,
   45.709465;73.724854;0.458667;,
   44.821968;72.973038;0.515499;,
   44.972866;73.642471;-0.277460;,
   34.197601;71.150307;-0.554543;,
   33.966988;69.895424;1.114223;,
   29.280167;72.523628;-1.819255;,
   28.421152;70.682610;0.174788;,
   27.318060;70.757149;-0.067324;,
   26.644838;72.862305;-2.084242;,
   26.588964;69.608917;-0.099526;,
   44.826698;76.201408;-3.224191;,
   45.164429;77.331787;0.689332;,
   44.784100;73.363976;-3.988467;,
   45.278656;71.251831;-1.025347;,
   45.138309;74.710838;3.795768;,
   44.904697;71.216393;2.847941;,
   33.367077;71.874741;4.517499;,
   33.940701;74.371216;-0.032472;,
   33.934650;69.698517;3.181071;,
   34.651550;69.057602;-1.835904;,
   33.937023;72.742538;-4.941519;,
   33.679581;75.238503;-4.795728;,
   30.766397;76.128555;-3.933652;,
   33.679581;75.238503;-4.795728;,
   29.260265;78.836212;-2.077513;,
   33.940701;74.371216;-0.032472;,
   28.721302;80.957466;2.018052;,
   29.915802;79.914116;-2.602901;,
   30.766397;76.128555;-3.933652;,
   31.491121;76.751869;-4.952756;,
   29.312517;77.141556;4.892430;,
   29.760437;77.328537;6.070568;,
   29.199268;82.047813;2.184742;,
   33.462269;79.275017;1.513744;,
   34.005100;78.303490;-2.446498;,
   33.367077;71.874741;4.517499;,
   30.765007;73.231316;4.857920;,
   31.114719;72.799255;6.077834;,
   29.760437;77.328537;6.070568;,
   33.869793;76.163315;4.773562;,
   31.114719;72.799255;6.077834;,
   33.367077;71.874741;4.517499;,
   39.835709;75.266693;3.785464;,
   39.561172;77.534691;0.921655;,
   33.462269;79.275017;1.513744;,
   39.494118;76.759499;-2.716983;,
   33.679581;75.238503;-4.795728;,
   30.766397;76.128555;-3.933652;,
   40.216255;71.355843;2.712088;,
   45.138309;74.710838;3.795768;,
   45.164429;77.331787;0.689332;,
   44.826698;76.201408;-3.224191;,
   40.355606;73.207939;-3.624335;,
   33.937023;72.742538;-4.941519;,
   33.934650;69.698517;3.181071;,
   34.651550;69.057602;-1.835904;,
   40.838829;70.892159;-1.121939;,
   44.904697;71.216393;2.847941;,
   45.278656;71.251831;-1.025347;,
   34.651550;69.057602;-1.835904;,
   40.838829;70.892159;-1.121939;,
   44.784100;73.363976;-3.988467;,
   45.278656;71.251831;-1.025347;,
   -25.983290;73.287346;2.732132;,
   -26.215607;73.398537;-2.357129;,
   -26.495628;70.730362;0.431850;,
   -26.704716;75.945496;0.496098;,
   -26.495628;70.730362;0.431850;,
   -24.425396;71.841805;0.444664;,
   -25.983290;73.287346;2.732132;,
   -24.499201;73.645180;2.291549;,
   -15.149629;73.676239;-0.003995;,
   -15.186703;74.983688;-1.210712;,
   -24.606144;75.438835;0.094041;,
   -25.983290;73.287346;2.732132;,
   -26.704716;75.945496;0.496098;,
   -26.215607;73.398537;-2.357129;,
   -15.048251;72.824905;-1.512646;,
   -11.062065;73.739487;0.993547;,
   -11.730393;76.547089;-1.105025;,
   -15.178242;74.227196;-2.547830;,
   -24.533268;73.615532;-1.766557;,
   -10.840405;72.544624;-1.997793;,
   -9.873994;73.861778;0.912204;,
   -10.398696;77.461212;-0.780829;,
   -10.906855;74.959320;-4.067484;,
   -15.048251;72.824905;-1.512646;,
   -24.425396;71.841805;0.444664;,
   -24.533268;73.615532;-1.766557;,
   -26.215607;73.398537;-2.357129;,
   -26.495628;70.730362;0.431850;,
   -9.867533;74.915794;-3.801895;,
   -10.840405;72.544624;-1.997793;,
   -9.451484;75.258499;-1.274170;,
   -10.840405;72.544624;-1.997793;,
   -9.873994;73.861778;0.912204;,
   -30.765005;73.231316;4.857920;,
   -31.114721;72.799255;6.077834;,
   -33.367077;71.874741;4.517499;,
   -26.542448;74.349701;-0.288223;,
   -33.820118;74.564484;-2.411896;,
   -26.896847;75.520622;-1.835194;,
   -33.453621;74.437805;-0.834428;,
   -45.395866;73.593918;-2.466155;,
   -45.354240;74.135231;-1.170597;,
   -45.785934;73.043579;-2.227102;,
   -45.715355;73.721992;-0.655781;,
   -46.010868;75.340996;-0.745935;,
   -26.409473;75.523132;1.563211;,
   -33.414494;76.188423;-0.338098;,
   -45.503067;75.558434;-1.372904;,
   -27.308281;76.768005;-0.067239;,
   -33.799564;76.327682;-1.846772;,
   -45.551548;75.014420;-2.663202;,
   -46.081459;74.662552;-2.317265;,
   -46.010868;75.340996;-0.745935;,
   -26.868830;77.140366;0.110592;,
   -26.896847;75.520622;-1.835194;,
   -33.820118;74.564484;-2.411896;,
   -45.395866;73.593918;-2.466155;,
   -45.785934;73.043579;-2.227102;,
   -45.785934;73.043579;-2.227102;,
   -45.715355;73.721992;-0.655781;,
   -26.542448;74.349701;-0.288223;,
   -26.896847;75.520622;-1.835194;,
   -26.409473;75.523132;1.563211;,
   -45.839729;74.334976;1.214765;,
   -44.937454;73.603409;1.357647;,
   -45.820827;75.031494;0.499465;,
   -45.015667;74.366219;0.563164;,
   -44.972866;73.642471;-0.277460;,
   -45.871426;74.370079;-0.247954;,
   -33.616707;71.151337;2.805750;,
   -34.344509;73.101196;1.218094;,
   -34.197601;71.150307;-0.554543;,
   -28.945881;73.606483;0.403308;,
   -29.280167;72.523628;-1.819255;,
   -26.644838;72.862305;-2.084242;,
   -26.770119;73.940559;-0.010244;,
   -28.619287;72.204636;2.475173;,
   -26.108421;72.791573;2.146656;,
   -44.821968;72.973038;0.515499;,
   -45.839729;74.334976;1.214765;,
   -45.709465;73.724854;0.458667;,
   -44.937454;73.603409;1.357647;,
   -33.966988;69.895424;1.114223;,
   -33.616707;71.151337;2.805750;,
   -28.619287;72.204636;2.475173;,
   -28.421152;70.682610;0.174788;,
   -27.318060;70.757149;-0.067324;,
   -26.108421;72.791573;2.146656;,
   -26.588964;69.608917;-0.099526;,
   -26.108421;72.791573;2.146656;,
   -26.770119;73.940559;-0.010244;,
   -26.588964;69.608917;-0.099526;,
   -45.839729;74.334976;1.214765;,
   -45.820827;75.031494;0.499465;,
   -45.871426;74.370079;-0.247954;,
   -45.709465;73.724854;0.458667;,
   -44.821968;72.973038;0.515499;,
   -44.972866;73.642471;-0.277460;,
   -34.197601;71.150307;-0.554543;,
   -33.966988;69.895424;1.114223;,
   -29.280167;72.523628;-1.819255;,
   -28.421152;70.682610;0.174788;,
   -27.318060;70.757149;-0.067324;,
   -26.644838;72.862305;-2.084242;,
   -26.588964;69.608917;-0.099526;,
   -44.826698;76.201408;-3.224191;,
   -44.784100;73.363976;-3.988467;,
   -45.164429;77.331787;0.689332;,
   -45.278656;71.251831;-1.025347;,
   -45.138309;74.710838;3.795768;,
   -44.904697;71.216393;2.847941;,
   -33.367077;71.874741;4.517499;,
   -33.934650;69.698517;3.181071;,
   -33.940701;74.371216;-0.032472;,
   -34.651550;69.057602;-1.835904;,
   -33.937023;72.742538;-4.941519;,
   -33.679581;75.238503;-4.795728;,
   -30.766399;76.128555;-3.933652;,
   -29.260265;78.836212;-2.077513;,
   -33.679581;75.238503;-4.795728;,
   -33.940701;74.371216;-0.032472;,
   -28.721300;80.957466;2.018052;,
   -29.312517;77.141556;4.892430;,
   -33.367077;71.874741;4.517499;,
   -30.765005;73.231316;4.857920;,
   -29.760435;77.328537;6.070568;,
   -31.114721;72.799255;6.077834;,
   -29.915800;79.914116;-2.602901;,
   -29.199266;82.047813;2.184742;,
   -30.766399;76.128555;-3.933652;,
   -31.491123;76.751869;-4.952756;,
   -34.005100;78.303490;-2.446498;,
   -33.462269;79.275017;1.513744;,
   -29.760435;77.328537;6.070568;,
   -33.869793;76.163315;4.773562;,
   -31.114721;72.799255;6.077834;,
   -33.367077;71.874741;4.517499;,
   -33.679581;75.238503;-4.795728;,
   -39.494118;76.759499;-2.716983;,
   -39.561172;77.534691;0.921655;,
   -33.462269;79.275017;1.513744;,
   -39.835709;75.266693;3.785464;,
   -30.766399;76.128555;-3.933652;,
   -45.278656;71.251831;-1.025347;,
   -40.838829;70.892159;-1.121939;,
   -44.904697;71.216393;2.847941;,
   -40.216255;71.355843;2.712088;,
   -45.138309;74.710838;3.795768;,
   -45.164429;77.331787;0.689332;,
   -44.826698;76.201408;-3.224191;,
   -40.355606;73.207939;-3.624335;,
   -44.784100;73.363976;-3.988467;,
   -34.651550;69.057602;-1.835904;,
   -33.934650;69.698517;3.181071;,
   -33.937023;72.742538;-4.941519;,
   -34.651550;69.057602;-1.835904;,
   -40.838829;70.892159;-1.121939;,
   -45.278656;71.251831;-1.025347;,
   -50.896408;67.768982;-30.275738;,
   -50.896408;65.516342;-28.957762;,
   -52.477158;67.787720;-28.957762;,
   -50.896408;65.516342;-28.957762;,
   -49.315651;67.787720;-28.957762;,
   -50.896408;67.812019;-27.639784;,
   -50.896408;67.768982;-30.275738;,
   -49.315651;67.787720;-28.957762;,
   -50.896408;65.516342;-28.957762;,
   -52.477158;67.787720;-28.957762;,
   -50.896408;65.516342;-28.957762;,
   -50.896408;67.812019;-27.639784;,
   -50.896408;67.703217;-35.190777;,
   -50.896408;65.409225;-33.872803;,
   -52.502815;67.720848;-33.872803;,
   -50.896408;65.409225;-33.872803;,
   -49.289997;67.720848;-33.872803;,
   -50.896408;67.738487;-32.554825;,
   -50.896408;67.703217;-35.190777;,
   -49.289997;67.720848;-33.872803;,
   -50.896408;65.409225;-33.872803;,
   -52.502815;67.720848;-33.872803;,
   -50.896408;65.409225;-33.872803;,
   -50.896408;67.738487;-32.554825;,
   -50.896408;67.637482;-40.103550;,
   -50.896408;64.530350;-38.785576;,
   -52.527348;67.655113;-38.785576;,
   -50.896408;64.530350;-38.785576;,
   -49.265465;67.655113;-38.785576;,
   -50.896408;67.672752;-37.467598;,
   -50.896408;67.637482;-40.103550;,
   -49.265465;67.655113;-38.785576;,
   -50.896408;64.530350;-38.785576;,
   -52.527348;67.655113;-38.785576;,
   -50.896408;64.530350;-38.785576;,
   -50.896408;67.672752;-37.467598;,
   -50.896408;67.571678;-45.021931;,
   -50.896408;63.644279;-43.703953;,
   -52.551903;67.589310;-43.703953;,
   -50.896408;63.644279;-43.703953;,
   -49.240906;67.589310;-43.703953;,
   -50.896408;67.606941;-42.385979;,
   -50.896408;67.571678;-45.021931;,
   -49.240906;67.589310;-43.703953;,
   -50.896408;63.644279;-43.703953;,
   -52.551903;67.589310;-43.703953;,
   -50.896408;63.644279;-43.703953;,
   -50.896408;67.606941;-42.385979;,
   -50.896408;67.505615;-49.958679;,
   -50.896408;62.944771;-48.640701;,
   -52.576553;67.523254;-48.640701;,
   -50.896408;62.944771;-48.640701;,
   -49.216259;67.523254;-48.640701;,
   -50.896408;67.540886;-47.322731;,
   -50.896408;67.505615;-49.958679;,
   -49.216259;67.523254;-48.640701;,
   -50.896408;62.944771;-48.640701;,
   -52.576553;67.523254;-48.640701;,
   -50.896408;62.944771;-48.640701;,
   -50.896408;67.540886;-47.322731;,
   -55.406372;71.561417;-27.795647;,
   -57.708481;71.561417;-26.477671;,
   -54.459297;73.052956;-26.477671;,
   -57.708481;71.561417;-26.477671;,
   -54.459297;70.069885;-26.477671;,
   -55.329830;71.561417;-25.159695;,
   -55.406372;71.561417;-27.795647;,
   -54.459297;70.069885;-26.477671;,
   -57.708481;71.561417;-26.477671;,
   -54.459297;73.052956;-26.477671;,
   -57.708481;71.561417;-26.477671;,
   -55.329830;71.561417;-25.159695;,
   -55.497181;71.561417;-32.710686;,
   -57.876305;71.561417;-31.392710;,
   -54.547077;73.084724;-31.392710;,
   -57.876305;71.561417;-31.392710;,
   -54.547077;70.038116;-31.392710;,
   -55.459347;71.561417;-30.074734;,
   -55.497181;71.561417;-32.710686;,
   -54.547077;70.038116;-31.392710;,
   -57.876305;71.561417;-31.392710;,
   -54.547077;73.084724;-31.392710;,
   -57.876305;71.561417;-31.392710;,
   -55.459347;71.561417;-30.074734;,
   -55.567696;71.561417;-37.623463;,
   -58.456203;71.561417;-36.305485;,
   -54.603252;73.111023;-36.305485;,
   -58.456203;71.561417;-36.305485;,
   -54.603252;70.011810;-36.305485;,
   -55.529861;71.561417;-34.987511;,
   -55.567696;71.561417;-37.623463;,
   -54.603252;70.011810;-36.305485;,
   -58.456203;71.561417;-36.305485;,
   -54.603252;73.111023;-36.305485;,
   -58.456203;71.561417;-36.305485;,
   -55.529861;71.561417;-34.987511;,
   -55.638283;71.561417;-42.541836;,
   -59.482162;71.561417;-41.223866;,
   -54.659496;73.137360;-41.223866;,
   -59.482162;71.561417;-41.223866;,
   -54.659496;69.985481;-41.223866;,
   -55.600449;71.561417;-39.905888;,
   -55.638283;71.561417;-42.541836;,
   -54.659496;69.985481;-41.223866;,
   -59.482162;71.561417;-41.223866;,
   -54.659496;73.137360;-41.223866;,
   -59.482162;71.561417;-41.223866;,
   -55.600449;71.561417;-39.905888;,
   -55.709137;71.561417;-47.478588;,
   -60.185131;71.561417;-46.160614;,
   -54.715954;73.163773;-46.160614;,
   -60.185131;71.561417;-46.160614;,
   -54.715954;69.959061;-46.160614;,
   -55.671307;71.561417;-44.842636;,
   -55.709137;71.561417;-47.478588;,
   -54.715954;69.959061;-46.160614;,
   -60.185131;71.561417;-46.160614;,
   -54.715954;73.163773;-46.160614;,
   -60.185131;71.561417;-46.160614;,
   -55.671307;71.561417;-44.842636;,
   -46.386440;71.561417;-27.795647;,
   -47.333515;73.052956;-26.477671;,
   -44.084328;71.561417;-26.477671;,
   -44.084328;71.561417;-26.477671;,
   -46.462982;71.561417;-25.159695;,
   -47.333515;70.069885;-26.477671;,
   -46.386440;71.561417;-27.795647;,
   -44.084328;71.561417;-26.477671;,
   -47.333515;70.069885;-26.477671;,
   -47.333515;73.052956;-26.477671;,
   -46.462982;71.561417;-25.159695;,
   -44.084328;71.561417;-26.477671;,
   -46.295635;71.561417;-32.710686;,
   -47.245735;73.084724;-31.392710;,
   -43.916508;71.561417;-31.392710;,
   -43.916508;71.561417;-31.392710;,
   -46.333462;71.561417;-30.074734;,
   -47.245735;70.038116;-31.392710;,
   -46.295635;71.561417;-32.710686;,
   -43.916508;71.561417;-31.392710;,
   -47.245735;70.038116;-31.392710;,
   -47.245735;73.084724;-31.392710;,
   -46.333462;71.561417;-30.074734;,
   -43.916508;71.561417;-31.392710;,
   -46.225117;71.561417;-37.623463;,
   -47.189556;73.111023;-36.305485;,
   -43.336609;71.561417;-36.305485;,
   -43.336609;71.561417;-36.305485;,
   -46.262955;71.561417;-34.987511;,
   -47.189556;70.011810;-36.305485;,
   -46.225117;71.561417;-37.623463;,
   -43.336609;71.561417;-36.305485;,
   -47.189556;70.011810;-36.305485;,
   -47.189556;73.111023;-36.305485;,
   -46.262955;71.561417;-34.987511;,
   -43.336609;71.561417;-36.305485;,
   -46.154530;71.561417;-42.541836;,
   -47.133316;73.137360;-41.223866;,
   -42.310650;71.561417;-41.223866;,
   -42.310650;71.561417;-41.223866;,
   -46.192360;71.561417;-39.905888;,
   -47.133316;69.985481;-41.223866;,
   -46.154530;71.561417;-42.541836;,
   -42.310650;71.561417;-41.223866;,
   -47.133316;69.985481;-41.223866;,
   -47.133316;73.137360;-41.223866;,
   -46.192360;71.561417;-39.905888;,
   -42.310650;71.561417;-41.223866;,
   -46.083675;71.561417;-47.478588;,
   -47.076859;73.163773;-46.160614;,
   -41.607685;71.561417;-46.160614;,
   -41.607685;71.561417;-46.160614;,
   -46.121506;71.561417;-44.842636;,
   -47.076859;69.959061;-46.160614;,
   -46.083675;71.561417;-47.478588;,
   -41.607685;71.561417;-46.160614;,
   -47.076859;69.959061;-46.160614;,
   -47.076859;73.163773;-46.160614;,
   -46.121506;71.561417;-44.842636;,
   -41.607685;71.561417;-46.160614;,
   -50.896408;75.353859;-30.275738;,
   -52.477158;75.335129;-28.957762;,
   -50.896408;77.606491;-28.957762;,
   -50.896408;77.606491;-28.957762;,
   -50.896408;75.310829;-27.639784;,
   -49.315651;75.335129;-28.957762;,
   -50.896408;75.353859;-30.275738;,
   -50.896408;77.606491;-28.957762;,
   -49.315651;75.335129;-28.957762;,
   -52.477158;75.335129;-28.957762;,
   -50.896408;75.310829;-27.639784;,
   -50.896408;77.606491;-28.957762;,
   -50.896408;75.419624;-35.190777;,
   -52.502815;75.401985;-33.872803;,
   -50.896408;77.713608;-33.872803;,
   -50.896408;77.713608;-33.872803;,
   -50.896408;75.384346;-32.554825;,
   -49.289997;75.401985;-33.872803;,
   -50.896408;75.419624;-35.190777;,
   -50.896408;77.713608;-33.872803;,
   -49.289997;75.401985;-33.872803;,
   -52.502815;75.401985;-33.872803;,
   -50.896408;75.384346;-32.554825;,
   -50.896408;77.713608;-33.872803;,
   -50.896408;75.485352;-40.103550;,
   -52.527348;75.467720;-38.785576;,
   -50.896408;78.592484;-38.785576;,
   -50.896408;78.592484;-38.785576;,
   -50.896408;75.450089;-37.467598;,
   -49.265465;75.467720;-38.785576;,
   -50.896408;75.485352;-40.103550;,
   -50.896408;78.592484;-38.785576;,
   -49.265465;75.467720;-38.785576;,
   -52.527348;75.467720;-38.785576;,
   -50.896408;75.450089;-37.467598;,
   -50.896408;78.592484;-38.785576;,
   -50.896408;75.551163;-45.021931;,
   -52.551903;75.533524;-43.703953;,
   -50.896408;79.478554;-43.703953;,
   -50.896408;79.478554;-43.703953;,
   -50.896408;75.515892;-42.385979;,
   -49.240906;75.533524;-43.703953;,
   -50.896408;75.551163;-45.021931;,
   -50.896408;79.478554;-43.703953;,
   -49.240906;75.533524;-43.703953;,
   -52.551903;75.533524;-43.703953;,
   -50.896408;75.515892;-42.385979;,
   -50.896408;79.478554;-43.703953;,
   -50.896408;75.617226;-49.958679;,
   -52.576553;75.599594;-48.640701;,
   -50.896408;80.178062;-48.640701;,
   -50.896408;80.178062;-48.640701;,
   -50.896408;75.581955;-47.322731;,
   -49.216259;75.599594;-48.640701;,
   -50.896408;75.617226;-49.958679;,
   -50.896408;80.178062;-48.640701;,
   -49.216259;75.599594;-48.640701;,
   -52.576553;75.599594;-48.640701;,
   -50.896408;75.581955;-47.322731;,
   -50.896408;80.178062;-48.640701;,
   -48.464279;67.507614;-50.802017;,
   -46.032150;71.561417;-50.802017;,
   -46.234303;71.561417;-36.728134;,
   -48.565353;67.695313;-36.728134;,
   -53.328541;67.507622;-50.802017;,
   -53.227459;67.695313;-36.728134;,
   -55.760666;71.561417;-50.802017;,
   -55.558510;71.561417;-36.728134;,
   -55.299980;71.561417;-24.012413;,
   -46.492832;71.561417;-24.012413;,
   -48.694614;67.890907;-24.012413;,
   -53.098198;67.890907;-24.012413;,
   -50.896408;72.670868;18.863083;,
   -49.615326;71.561417;18.863083;,
   -49.478870;71.561417;-16.842842;,
   -50.896408;72.757141;-16.842842;,
   -52.177483;71.561417;18.863083;,
   -52.313942;71.561417;-16.842840;,
   -49.615326;71.561417;18.863083;,
   -50.896408;70.365700;-16.842842;,
   -50.896408;70.451973;18.863083;,
   -52.177483;71.561417;18.863083;,
   -50.896408;69.081413;18.863083;,
   -53.760071;71.561417;18.863083;,
   -50.896408;74.041428;18.863083;,
   -48.032738;71.561417;18.863083;,
   -48.032738;71.561417;18.863083;,
   -48.542530;71.561417;21.772930;,
   -50.896408;69.081413;18.863083;,
   -50.896408;69.522911;21.772930;,
   -53.250282;71.561417;21.772930;,
   -53.760071;71.561417;18.863083;,
   -50.896408;71.561417;23.282341;,
   -48.032738;71.561417;18.863083;,
   -50.896408;74.041428;18.863083;,
   -48.542530;71.561417;21.772930;,
   -50.896408;73.599930;21.772930;,
   -50.896408;71.561417;23.282341;,
   -53.250282;71.561417;21.772930;,
   -53.760071;71.561417;18.863083;,
   -53.687634;71.561417;-55.404518;,
   -49.500790;69.231689;-55.404518;,
   -52.292023;69.231689;-55.404518;,
   -48.105175;71.561417;-55.404518;,
   -52.292019;73.891144;-55.404518;,
   -49.500790;73.891144;-55.404518;,
   -53.227455;75.427521;-36.728134;,
   -55.558510;71.561417;-36.728134;,
   -55.299980;71.561417;-24.012413;,
   -53.328537;75.615219;-50.802017;,
   -55.760666;71.561417;-50.802017;,
   -53.351669;75.658188;-54.023445;,
   -55.806938;71.561417;-54.023445;,
   -53.328541;67.507622;-50.802017;,
   -53.098190;75.231926;-24.012413;,
   -48.565350;75.427521;-36.728134;,
   -48.464272;75.615219;-50.802017;,
   -48.441139;75.658188;-54.023445;,
   -55.206436;71.561417;-20.793549;,
   -53.051418;75.172783;-20.793549;,
   -48.694614;75.231926;-24.012413;,
   -53.098198;67.890907;-24.012413;,
   -53.051418;67.950058;-20.793549;,
   -53.048996;71.561417;-18.974646;,
