xof 0303txt 0032
template VertexDuplicationIndices {
 <b8d65549-d7c9-4995-89cf-53a9a8b031e3>
 DWORD nIndices;
 DWORD nOriginalVertices;
 array DWORD indices[nIndices];
}

template EffectParamDWord {
 <e13963bc-ae51-4c5d-b00f-cfa3a9d97ce5>
 STRING ParamName;
 DWORD Value;
}

template FVFData {
 <b6e70a0e-8ef9-4e83-94ad-ecc8b0c04897>
 DWORD dwFVF;
 DWORD nDWords;
 array DWORD data[nDWords];
}

template EffectFloats {
 <f1cfe2b3-0de3-4e28-afa1-155a750a282d>
 DWORD nFloats;
 array FLOAT Floats[nFloats];
}

template EffectString {
 <d55b097e-bdb6-4c52-b03d-6051c89d0e42>
 STRING Value;
}

template EffectDWord {
 <622c0ed0-956e-4da9-908a-2af94f3ce716>
 DWORD Value;
}

template EffectInstance {
 <e331f7e4-0559-4cc2-8e99-1cec1657928f>
 STRING EffectFilename;
 [...]
}

template AnimTicksPerSecond {
 <9e415a43-7ba6-4a73-8743-b73d47e88476>
 DWORD AnimTicksPerSecond;
}

template VertexElement {
 <f752461c-1e23-48f6-b9f8-8350850f336f>
 DWORD Type;
 DWORD Method;
 DWORD Usage;
 DWORD UsageIndex;
}

template DeclData {
 <bf22e553-292c-4781-9fea-62bd554bdd93>
 DWORD nElements;
 array VertexElement Elements[nElements];
 DWORD nDWords;
 array DWORD data[nDWords];
}

template EffectParamFloats {
 <3014b9a0-62f5-478c-9b86-e4ac9f4e418b>
 STRING ParamName;
 DWORD nFloats;
 array FLOAT Floats[nFloats];
}

template EffectParamString {
 <1dbc4c88-94c1-46ee-9076-2c28818c9481>
 STRING ParamName;
 STRING Value;
}


AnimTicksPerSecond {
 4800;
}

Frame {
 

 FrameTransformMatrix {
  1.000000,0.000000,0.000000,0.000000,0.000000,1.000000,0.000000,0.000000,0.000000,0.000000,1.000000,0.000000,0.000000,0.000000,0.000000,1.000000;;
 }

 Frame Pelvis {
  

  FrameTransformMatrix {
   0.993154,-0.020776,0.114949,0.000000,-0.008944,0.967641,0.252171,0.000000,-0.116468,-0.251473,0.960831,0.000000,6.350336,56.196590,6.830426,1.000000;;
  }

  Frame Spine1 {
   

   FrameTransformMatrix {
    0.984243,-0.101048,-0.145106,0.000000,0.112143,0.991194,0.070418,0.000000,0.136713,-0.085581,0.986907,0.000000,-0.000001,2.502824,-0.186218,1.000000;;
   }

   Frame Spine2 {
    

    FrameTransformMatrix {
     0.993418,0.113521,0.015263,0.000000,-0.107540,0.970245,-0.216932,0.000000,-0.039436,0.213863,0.976067,0.000000,0.000000,4.600811,-0.438124,1.000000;;
    }

    Frame Spine3 {
     

     FrameTransformMatrix {
      0.995953,0.089848,0.002314,0.000000,-0.080387,0.902005,-0.424176,0.000000,-0.040199,0.422273,0.905577,0.000000,0.000000,4.586954,-0.048687,1.000000;;
     }

     Frame Neck {
      

      FrameTransformMatrix {
       0.952961,-0.178679,-0.244824,0.000000,0.175677,0.983852,-0.034229,0.000000,0.246987,-0.010391,0.968964,0.000000,0.000000,15.256934,3.123360,1.000000;;
      }

      Frame Head {
       

       FrameTransformMatrix {
        0.947801,0.242842,0.206644,0.000000,-0.279462,0.944695,0.171612,0.000000,-0.153542,-0.220404,0.963250,0.000000,0.000002,4.371224,-0.974442,1.000000;;
       }

       Frame Jaw {
        

        FrameTransformMatrix {
         1.000000,0.000000,-0.000000,0.000000,-0.000000,0.920537,-0.390651,0.000000,0.000000,0.390653,0.920540,0.000000,0.000000,1.662926,-1.993301,1.000000;;
        }
       }

       Frame left_Hair1 {
        

        FrameTransformMatrix {
         0.909009,-0.063743,0.411872,0.000000,0.018074,0.993332,0.113842,0.000000,-0.416384,-0.096040,0.904104,0.000000,1.859257,6.069574,-5.869181,1.000000;;
        }

        Frame left_Hair2 {
         

         FrameTransformMatrix {
          0.982362,0.180807,-0.047683,0.000000,-0.185045,0.976682,-0.108858,0.000000,0.026889,0.115761,0.992913,0.000000,0.150400,-8.569063,0.493188,1.000000;;
         }
        }
       }

       Frame right_Hair1 {
        

        FrameTransformMatrix {
         0.988288,-0.152383,-0.008128,0.000000,0.149028,0.975244,-0.163361,0.000000,0.032820,0.160237,0.986535,0.000000,-1.859257,6.069534,-5.869194,1.000000;;
        }

        Frame right_Hair2 {
         

         FrameTransformMatrix {
          0.969807,0.201541,-0.137312,0.000000,-0.212087,0.974957,-0.066924,0.000000,0.120385,0.094025,0.988264,0.000000,-0.150416,-8.569015,0.493201,1.000000;;
         }
        }
       }

       Frame pukeGround {
        

        FrameTransformMatrix {
         1.000000,0.000000,0.000000,0.000000,0.000000,1.000000,0.000000,0.000000,0.000000,0.000000,1.000000,0.000000,-0.000001,-82.910080,-43.212757,1.000000;;
        }
       }
      }
     }

     Frame left_collar {
      

      FrameTransformMatrix {
       0.978932,0.203000,0.021991,0.000000,-0.203032,0.956291,0.210440,0.000000,0.021689,-0.210471,0.977360,0.000000,1.772828,7.418548,1.046402,1.000000;;
      }

      Frame left_shoulder {
       

       FrameTransformMatrix {
        0.340548,-0.791466,0.507551,0.000000,-0.206652,0.463611,0.861602,0.000000,-0.917237,-0.398304,-0.005677,0.000000,5.543410,3.193481,2.362504,1.000000;;
       }

       Frame left_elbow {
        

        FrameTransformMatrix {
         0.459617,0.000000,-0.888118,0.000000,0.000000,0.999998,0.000000,0.000000,0.888118,0.000000,0.459617,0.000000,16.893414,-0.000003,-0.000000,1.000000;;
        }

        Frame left_wrist {
         

         FrameTransformMatrix {
          0.723845,0.686471,0.069409,0.000000,-0.613150,0.686118,-0.391512,0.000000,-0.316384,0.240835,0.917549,0.000000,16.525242,0.000000,0.000001,1.000000;;
         }

         Frame left_index1 {
          

          FrameTransformMatrix {
           -0.026531,-0.000005,-0.999663,0.000000,0.932469,-0.360372,-0.024746,0.000000,-0.360247,-0.932802,0.009566,0.000000,4.807191,-1.268542,-1.201984,1.000000;;
          }

          Frame left_index2 {
           

           FrameTransformMatrix {
            1.000021,0.000059,0.000012,0.000000,-0.000059,0.952651,0.304114,0.000000,0.000007,-0.304099,0.952605,0.000000,0.000000,2.401663,-0.000000,1.000000;;
           }
          }
         }

         Frame left_middle1 {
          

          FrameTransformMatrix {
           0.377614,-0.103182,-0.920213,0.000000,0.758409,-0.535674,0.371281,0.000000,-0.531238,-0.838090,-0.124022,0.000000,4.676852,-1.228610,1.051535,1.000000;;
          }

          Frame left_middle2 {
           

           FrameTransformMatrix {
            1.000029,-0.000451,0.000190,0.000000,0.000372,0.952183,0.305512,0.000000,-0.000319,-0.305506,0.952165,0.000000,0.000000,2.693729,-0.000002,1.000000;;
           }
          }
         }

         Frame left_thumb1 {
          

          FrameTransformMatrix {
           0.771377,-0.373629,-0.515178,0.000000,0.605789,0.679075,0.414555,0.000000,0.194953,-0.631862,0.750156,0.000000,2.347019,-1.259501,-1.435327,1.000000;;
          }

          Frame left_thumb2 {
           

           FrameTransformMatrix {
            0.378937,0.925454,0.003011,0.000000,0.925372,-0.378927,0.007314,0.000000,0.007910,0.000014,-0.999960,0.000000,2.009109,-1.397654,-1.139544,1.000000;;
           }
          }
         }
        }
       }
      }
     }
    }
   }

   Frame Spine2_Split {
    

    FrameTransformMatrix {
     0.993418,0.113521,0.015263,0.000000,-0.107540,0.970245,-0.216932,0.000000,-0.039436,0.213863,0.976067,0.000000,-4.312712,3.924202,-1.481168,1.000000;;
    }

    Frame Spine3_Split {
     

     FrameTransformMatrix {
      0.995953,0.089848,0.002314,0.000000,-0.080387,0.902005,-0.424176,0.000000,-0.040199,0.422273,0.905577,0.000000,0.530657,4.190004,0.936190,1.000000;;
     }

     Frame right_collar {
      

      FrameTransformMatrix {
       0.918150,-0.395839,0.017671,0.000000,0.369216,0.870880,0.324418,0.000000,-0.143807,-0.291340,0.945750,0.000000,2.088263,7.418614,1.046395,1.000000;;
      }

      Frame right_shoulder {
       

       FrameTransformMatrix {
        0.738697,-0.419466,-0.527613,0.000000,0.243110,-0.564271,0.788982,0.000000,-0.628670,-0.711088,-0.314850,0.000000,-5.543410,3.193447,2.362511,1.000000;;
       }

       Frame right_elbow {
        

        FrameTransformMatrix {
         0.756467,0.000000,0.654033,0.000000,-0.000000,0.999998,0.000000,0.000000,-0.654034,-0.000000,0.756468,0.000000,-16.893465,0.000002,0.000003,1.000000;;
        }

        Frame right_wrist {
         

         FrameTransformMatrix {
          0.993524,-0.041319,-0.105889,0.000000,0.061718,0.978392,0.197305,0.000000,0.095449,-0.202563,0.974607,0.000000,-16.525185,0.000002,0.000002,1.000000;;
         }

         Frame right_index1 {
          

          FrameTransformMatrix {
           -0.026544,-0.000006,0.999666,0.000000,-0.968234,-0.248655,-0.025711,0.000000,0.248571,-0.968589,0.006595,0.000000,-4.807261,-1.268543,-1.201985,1.000000;;
          }

          Frame right_index2 {
           

           FrameTransformMatrix {
            1.000036,-0.000063,-0.000009,0.000000,0.000064,0.973090,0.230443,0.000000,-0.000005,-0.230432,0.973046,0.000000,0.000000,2.401577,0.000002,1.000000;;
           }
          }
         }

         Frame right_middle1 {
          

          FrameTransformMatrix {
           0.112993,-0.000024,0.993614,0.000000,-0.846720,-0.523226,0.096275,0.000000,0.519880,-0.852187,-0.059141,0.000000,-4.676867,-1.228592,1.051535,1.000000;;
          }

          Frame right_middle2 {
           

           FrameTransformMatrix {
            1.000045,0.000437,-0.000150,0.000000,-0.000408,0.987419,0.158078,0.000000,0.000217,-0.158073,0.987390,0.000000,0.000002,2.693732,-0.000002,1.000000;;
           }
          }
         }

         Frame right_thumb1 {
          

          FrameTransformMatrix {
           1.000018,0.000000,0.000000,0.000000,0.000000,0.999984,0.000000,0.000000,0.000000,0.000000,0.999998,0.000000,-2.347023,-1.259533,-1.435309,1.000000;;
          }

          Frame right_thumb2 {
           

           FrameTransformMatrix {
            -0.378947,0.925480,0.002973,0.000000,-0.925350,-0.378918,0.007281,0.000000,0.007865,0.000009,0.999956,0.000000,-2.009064,-1.397570,-1.139543,1.000000;;
           }
          }
         }
        }

        Frame right_wristSkin {
         

         FrameTransformMatrix {
          0.123580,-0.891299,0.436261,0.000000,0.940110,0.245888,0.236053,0.000000,-0.317665,0.380963,0.868307,0.000000,-13.327317,-1.384480,-0.386018,1.000000;;
         }
        }
       }
      }
     }
    }
   }
  }

  Frame left_thigh {
   

   FrameTransformMatrix {
    0.996443,0.077700,-0.032618,0.000000,-0.074210,0.992494,0.097200,0.000000,0.039925,-0.094433,0.994730,0.000000,4.405907,-4.139316,0.841263,1.000000;;
   }

   Frame left_knee {
    

    FrameTransformMatrix {
     1.000000,0.000000,-0.000000,0.000000,-0.000000,0.663000,-0.748619,0.000000,0.000000,0.748619,0.663000,0.000000,-0.000002,-25.677876,1.914284,1.000000;;
    }

    Frame left_ankle {
     

     FrameTransformMatrix {
      0.935348,0.127434,-0.329977,0.000000,-0.031994,0.959507,0.279863,0.000000,0.352280,-0.251213,0.901550,0.000000,-0.000001,-23.022406,3.088028,1.000000;;
     }

     Frame left_ball {
      

      FrameTransformMatrix {
       1.000000,0.000000,0.000000,0.000000,0.000000,0.972873,0.231340,0.000000,0.000000,-0.231340,0.972873,0.000000,-0.000002,-6.018358,-8.673106,1.000000;;
      }
     }
    }
   }
  }

  Frame right_thigh {
   

   FrameTransformMatrix {
    0.921295,-0.371668,0.114364,0.000000,0.152816,0.616475,0.772403,0.000000,-0.357580,-0.694134,0.624752,0.000000,-4.405908,-4.139305,0.841262,1.000000;;
   }

   Frame right_knee {
    

    FrameTransformMatrix {
     1.000000,0.000000,-0.000000,0.000000,-0.000000,0.129216,-0.991616,0.000000,0.000000,0.991616,0.129216,0.000000,0.000002,-25.677826,1.914286,1.000000;;
    }

    Frame right_ankle {
     

     FrameTransformMatrix {
      0.929604,-0.191103,0.315145,0.000000,0.180022,0.981566,0.064195,0.000000,-0.321603,-0.002943,0.946870,0.000000,0.000000,-23.022476,3.088032,1.000000;;
     }

     Frame right_ball {
      

      FrameTransformMatrix {
       1.000000,0.000000,0.000000,0.000000,0.000000,0.990871,0.134815,0.000000,0.000000,-0.134815,0.990871,0.000000,-0.000002,-6.018358,-8.673108,1.000000;;
      }
     }
    }
   }
  }

  Frame front_Skirt {
   

   FrameTransformMatrix {
    0.945096,-0.239916,0.221889,0.000000,0.024447,0.728990,0.684088,0.000000,-0.325878,-0.641104,0.694830,0.000000,0.000000,-8.954105,-3.851025,1.000000;;
   }
  }
 }

 Frame A_split_mat {
  

  FrameTransformMatrix {
   1.000000,0.000000,0.000000,0.000000,0.000000,1.000000,0.000000,0.000000,0.000000,0.000000,1.000000,0.000000,0.000000,0.000000,0.000000,1.000000;;
  }

  Mesh A_split_mat {
   1840;
   -1.617537;35.615677;-2.246080;,
   -3.668571;37.686157;-2.340440;,
   -0.679665;40.363358;-3.688854;,
   -2.810680;41.344982;-3.741111;,
   9.259046;29.668438;4.159666;,
   10.393294;35.395325;3.295674;,
   6.137122;30.483595;7.670160;,
   6.605159;34.878956;7.076394;,
   4.171484;29.180458;-1.468674;,
   2.239723;30.056749;-1.599394;,
   4.435050;31.859621;-1.845927;,
   2.555517;32.651333;-1.989558;,
   -12.614305;29.197401;-0.630029;,
   -8.646814;36.552036;-1.172659;,
   -6.319375;25.778788;-4.045463;,
   -4.262545;32.176025;-2.171388;,
   -5.866256;40.984779;8.061974;,
   -5.205292;49.577934;7.193479;,
   -8.290626;42.522240;6.757815;,
   -8.175489;49.330547;5.980332;,
   -6.019618;35.650173;7.711926;,
   -8.918080;38.723549;6.767414;,
   -7.383667;47.984013;-2.955796;,
   -2.810680;41.344982;-3.741111;,
   -7.316266;42.121998;-2.495494;,
   -7.383667;47.984013;-2.955796;,
   -3.872256;45.922508;-2.959139;,
   -2.810680;41.344982;-3.741111;,
   -1.776793;43.649391;-3.558456;,
   4.805329;38.453289;-3.452284;,
   3.234706;38.888062;-3.538594;,
   6.769162;37.909660;-3.344365;,
   6.483883;30.996597;-1.689358;,
   9.401258;26.305714;4.413253;,
   6.531766;28.101974;-1.311067;,
   5.815064;23.846716;9.496898;,
   3.133310;32.276794;7.535826;,
   1.621410;33.185871;7.640332;,
   2.546310;25.900677;9.677266;,
   1.294611;26.716045;9.901475;,
   1.762473;37.871773;6.819490;,
   3.464234;36.502964;6.706789;,
   -2.442312;30.435616;-1.765900;,
   -2.029924;33.025646;-2.005990;,
   -3.470727;27.236998;-2.702936;,
   -8.646814;36.552036;-1.172659;,
   -10.880199;38.978638;3.026774;,
   -10.423369;30.772608;3.644567;,
   -9.657371;49.334248;0.855866;,
   -9.542374;43.827820;1.458604;,
   -3.315235;37.574200;8.136994;,
   -2.441975;44.849209;7.901860;,
   -9.425714;30.449755;7.050757;,
   2.772898;41.809402;-3.238204;,
   4.558183;41.248127;-2.919199;,
   3.120700;39.567696;-3.297744;,
   4.790051;39.753654;-2.958892;,
   2.757708;45.292286;-3.244309;,
   4.285150;44.662064;-3.011408;,
   10.214082;45.035801;1.239014;,
   12.327032;40.679058;1.535866;,
   7.340036;43.401611;-2.545608;,
   8.128752;40.125568;-2.281189;,
   9.409894;44.278557;8.113001;,
   8.175486;49.330544;5.980330;,
   9.657370;49.334244;0.855866;,
   7.383667;47.984009;-2.955797;,
   4.306965;46.953259;-3.216503;,
   2.768615;46.437885;-3.346857;,
   -3.283422;31.110035;10.882418;,
   0.594521;25.285900;-0.944039;,
   1.923929;27.462156;-1.209229;,
   1.811120;21.876591;-0.527667;,
   3.907919;26.501293;-1.091421;,
   9.543462;22.942959;4.666837;,
   11.347232;17.524963;4.732460;,
   6.579648;25.207357;-0.932775;,
   7.498499;19.098173;0.126739;,
   12.463098;12.324762;6.126669;,
   7.752003;19.293989;10.281430;,
   9.543462;22.942959;4.666837;,
   10.352457;11.573218;-0.295331;,
   4.478475;16.172485;0.966541;,
   7.929310;16.531883;10.837449;,
   -3.636744;54.351795;-3.104934;,
   -2.283729;54.639317;-3.703601;,
   -0.510833;51.420441;-3.985795;,
   -0.000000;54.107090;-3.881886;,
   3.636745;54.351803;-3.104934;,
   4.267525;50.515118;-3.316803;,
   2.283729;54.639320;-3.703601;,
   0.987614;42.370682;-3.557208;,
   -0.394590;43.010033;-3.557832;,
   1.230265;45.922508;-3.477210;,
   -1.291419;47.315063;-4.144576;,
   -3.965558;34.931095;-2.255914;,
   -4.267527;50.515095;-3.316803;,
   0.433498;33.545193;-2.151719;,
   1.451350;39.381737;-3.636595;,
   -1.617537;35.615677;-2.246079;,
   -0.679665;40.363358;-3.688854;,
   9.259047;29.668442;4.159666;,
   6.137122;30.483595;7.670160;,
   10.393294;35.395325;3.295674;,
   6.605159;34.878956;7.076394;,
   4.157069;29.183367;-1.456179;,
   6.501604;28.108849;-1.293282;,
   4.429191;31.854309;-1.819573;,
   6.423561;31.010340;-1.653789;,
   -12.614305;29.197401;-0.630029;,
   -6.319375;25.778788;-4.045463;,
   -8.646814;36.552036;-1.172659;,
   -4.262545;32.176025;-2.171389;,
   -5.866256;40.984779;8.061974;,
   -8.290626;42.522240;6.757815;,
   -5.205292;49.577934;7.193479;,
   -8.175489;49.330547;5.980332;,
   3.150217;32.266701;7.536583;,
   2.546310;25.900677;9.677266;,
   1.616190;33.189034;7.641328;,
   1.294611;26.716045;9.901475;,
   -6.019618;35.650173;7.711926;,
   -8.918080;38.723549;6.767414;,
   -7.383667;47.984013;-2.955796;,
   -7.316266;42.121998;-2.495494;,
   -2.810680;41.344982;-3.741111;,
   -3.668571;37.686157;-2.340440;,
   -2.810680;41.344982;-3.741111;,
   -3.872256;45.922508;-2.959139;,
   -1.776793;43.649391;-3.558456;,
   6.769162;37.909660;-3.344365;,
   4.805329;38.453289;-3.452284;,
   9.543462;22.942959;4.666837;,
   9.401257;26.305714;4.413253;,
   6.579648;25.207357;-0.932775;,
   5.815064;23.846716;9.496898;,
   -3.470727;27.236998;-2.702936;,
   -0.622078;28.695210;-1.360410;,
   -2.442312;30.435616;-1.765899;,
   -10.880199;38.978638;3.026774;,
   -10.423369;30.772608;3.644567;,
   -9.657371;49.334248;0.855866;,
   -9.542374;43.827820;1.458604;,
   -3.315235;37.574200;8.136994;,
   -2.441975;44.849209;7.901860;,
   -5.866256;40.984779;8.061974;,
   -9.425714;30.449755;7.050757;,
   1.762473;37.871773;6.819490;,
   3.464234;36.502964;6.706789;,
   2.772898;41.809402;-3.238204;,
   3.120700;39.567696;-3.297744;,
   4.558183;41.248127;-2.919199;,
   4.790051;39.753654;-2.958892;,
   2.757708;45.292286;-3.244309;,
   4.285150;44.662064;-3.011408;,
   10.214082;45.035801;1.239014;,
   7.340036;43.401611;-2.545608;,
   12.327032;40.679058;1.535866;,
   8.128752;40.125568;-2.281189;,
   9.409894;44.278557;8.113001;,
   8.175486;49.330544;5.980330;,
   9.657370;49.334244;0.855866;,
   7.383667;47.984009;-2.955797;,
   4.306965;46.953259;-3.216503;,
   2.768615;46.437885;-3.346857;,
   -3.283422;31.110035;10.882418;,
   7.498499;19.098173;0.126739;,
   1.811120;21.876591;-0.527667;,
   3.884948;26.512421;-1.092785;,
   11.347232;17.524963;4.732460;,
   12.463098;12.324762;6.126669;,
   7.752003;19.293989;10.281430;,
   10.352457;11.573218;-0.295331;,
   4.478475;16.172485;0.966541;,
   7.929310;16.531883;10.837449;,
   -0.394590;43.010033;-3.557832;,
   -1.291419;47.315063;-4.144576;,
   -0.030577;46.618786;-3.810892;,
   -1.657617;35.871223;8.043247;,
   0.000000;34.168243;7.949501;,
   -1.641711;29.349936;10.589856;,
   0.000000;27.589836;10.297293;,
   -1.220988;42.318089;7.578281;,
   -0.000000;39.786968;7.254701;,
   -2.029924;33.025646;-2.005989;,
   -0.094290;31.120201;-1.756065;,
   -3.965558;34.931095;-2.255914;,
   -4.267527;50.515095;-3.316803;,
   0.987614;42.370682;-3.557208;,
   -0.510833;51.420441;-3.985795;,
   -3.636744;54.351795;-3.104934;,
   1.230265;45.922508;-3.477210;,
   4.267525;50.515118;-3.316803;,
   0.000000;27.589836;10.297293;,
   0.000000;34.168243;7.949501;,
   -1.641711;29.349936;10.589856;,
   -1.657617;35.871223;8.043247;,
   -1.220988;42.318089;7.578281;,
   -0.000000;39.786968;7.254701;,
   -0.622078;28.695210;-1.360410;,
   0.433498;33.545193;-2.151719;,
   -0.094290;31.120201;-1.756065;,
   1.451350;39.381737;-3.636595;,
   6.769162;37.909660;-3.344365;,
   1.919193;27.464451;-1.209510;,
   0.594521;25.285900;-0.944039;,
   2.238590;30.055305;-1.592315;,
   2.557986;32.646152;-1.975119;,
   3.234706;38.888062;-3.538594;,
   -0.000000;39.786968;7.254701;,
   0.000000;34.168243;7.949501;,
   1.616190;33.189034;7.641328;,
   1.294611;26.716045;9.901475;,
   0.000000;27.589836;10.297293;,
   0.000000;34.168243;7.949501;,
   0.000000;27.589836;10.297293;,
   -0.000000;39.786968;7.254701;,
   2.802616;98.923988;-2.027661;,
   1.705932;99.148621;-4.102052;,
   3.073411;96.222786;-3.538536;,
   4.066728;96.039352;-1.540772;,
   0.770019;93.433640;-5.036386;,
   1.168119;85.784782;-4.461029;,
   3.172477;92.928261;-2.697950;,
   3.072187;86.138901;-1.860439;,
   4.154866;87.790710;-0.320560;,
   4.056278;92.552025;-0.822837;,
   2.677546;96.959000;1.106718;,
   4.808341;84.886436;0.121568;,
   2.656009;86.986023;2.965163;,
   2.189592;88.565903;1.301418;,
   2.781569;91.417511;0.563564;,
   0.126668;97.693077;-4.987596;,
   3.307826;82.156761;-3.465823;,
   6.609825;85.395576;2.951269;,
   2.305729;89.718979;1.088217;,
   -2.802615;98.923988;-2.027661;,
   -3.073411;96.222794;-3.538537;,
   -1.705932;99.148613;-4.102052;,
   -4.066728;96.039352;-1.540773;,
   -0.770019;93.433640;-5.036386;,
   -3.172477;92.928261;-2.697951;,
   -1.168120;85.784782;-4.461029;,
   -3.072188;86.138908;-1.860439;,
   -4.056279;92.552025;-0.822837;,
   -4.154866;87.790695;-0.320559;,
   -2.677546;96.959007;1.106718;,
   -4.808342;84.886436;0.121568;,
   -2.656009;86.986023;2.965163;,
   -2.189593;88.565903;1.301418;,
   -2.781569;91.417511;0.563564;,
   -0.126668;97.693085;-4.987596;,
   -3.307826;82.156761;-3.465824;,
   -6.763352;85.484070;2.958919;,
   -2.305729;89.718971;1.088217;,
   1.843227;100.601578;-2.386033;,
   2.920290;99.357399;-2.049392;,
   1.777559;99.620911;-4.210881;,
   -0.000000;97.613495;6.219560;,
   2.755325;97.342682;5.822366;,
   0.000000;100.753265;4.947199;,
   1.982460;100.199806;4.581139;,
   2.755325;90.391098;6.146538;,
   -0.000000;90.661911;6.543734;,
   2.755325;88.272797;6.551806;,
   -0.000000;88.543633;6.949000;,
   3.202456;96.572235;-3.623706;,
   4.237480;96.381104;-1.542060;,
   1.843227;101.233376;1.065851;,
   3.824057;99.375160;1.423648;,
   3.766126;98.207184;3.442374;,
   4.013856;96.041725;3.651908;,
   4.436140;89.689163;4.347718;,
   2.755325;93.568535;5.538638;,
   3.885308;92.938507;3.737324;,
   0.770019;93.433640;-5.036386;,
   3.305681;93.139381;-2.747825;,
   1.168119;85.784782;-4.461029;,
   3.097916;86.155327;-2.899405;,
   4.329318;87.786102;-0.270613;,
   4.226590;92.747322;-0.793981;,
   3.824057;99.375160;1.423648;,
   4.988389;96.004684;1.009534;,
   4.808341;84.886436;0.121568;,
   5.635848;86.854347;2.526421;,
   4.873982;88.473244;2.113115;,
   4.988389;96.004684;1.009534;,
   4.534672;87.306747;4.579655;,
   4.873982;88.473244;2.113115;,
   5.635848;86.854347;2.526421;,
   -0.000000;93.839325;5.935833;,
   4.754127;92.963425;1.699809;,
   4.754127;92.963425;1.699809;,
   0.126668;97.693077;-4.987596;,
   0.000000;101.519707;1.113429;,
   -0.000000;99.576195;-4.087407;,
   0.000000;100.639542;-3.248206;,
   1.664994;80.895363;-4.463420;,
   3.307826;82.156761;-3.465823;,
   6.609825;85.395576;2.951269;,
   6.433235;85.154335;5.706430;,
   6.609825;85.395576;2.951269;,
   0.000000;80.584473;8.397986;,
   3.142641;81.473709;8.143588;,
   0.000000;86.032852;8.133069;,
   2.931118;85.985405;7.654682;,
   0.000000;86.032852;8.133069;,
   2.931118;85.985405;7.654682;,
   -1.843226;101.233368;1.065851;,
   -1.843226;100.601570;-2.386032;,
   -3.824057;99.375160;1.423648;,
   -2.920290;99.357399;-2.049392;,
   -1.777559;99.620911;-4.210880;,
   -2.755325;97.342682;5.822366;,
   -1.982460;100.008507;4.581138;,
   -2.755325;88.272804;6.551804;,
   -2.755325;90.391090;6.146539;,
   -3.202456;96.572235;-3.623706;,
   -4.237480;96.381104;-1.542060;,
   -1.843226;101.233368;1.065851;,
   -3.824057;99.375160;1.423648;,
   -3.766126;98.207184;3.442374;,
   -4.013856;96.041725;3.651908;,
   -0.770019;93.433640;-5.036386;,
   -1.168120;85.784782;-4.461029;,
   -3.305681;93.139381;-2.747825;,
   -3.097917;86.155327;-2.899405;,
   -4.329318;87.786102;-0.270613;,
   -4.226591;92.747337;-0.793981;,
   -4.988388;96.004677;1.009534;,
   -4.808342;84.886436;0.121568;,
   -5.635848;86.854347;2.526421;,
   -4.873982;88.473251;2.113116;,
   -4.988388;96.004677;1.009534;,
   -4.436140;89.689163;4.347718;,
   -4.873982;88.473251;2.113116;,
   -4.534673;87.306755;4.579655;,
   -5.635848;86.854347;2.526421;,
   -2.755325;93.568520;5.538638;,
   -3.885308;92.938499;3.737324;,
   -4.754127;92.963425;1.699809;,
   -4.754127;92.963425;1.699809;,
   -0.126668;97.693085;-4.987596;,
   -3.307826;82.156761;-3.465824;,
   -1.664994;80.895363;-4.463419;,
   -6.763352;85.484070;2.958919;,
   -6.524600;85.214050;5.711346;,
   -6.763352;85.484070;2.958919;,
   -3.142641;81.473709;8.143588;,
   -2.931118;85.985405;7.654681;,
   -2.931118;85.985405;7.654681;,
   0.000000;101.519707;1.113429;,
   1.843227;101.233376;1.065851;,
   1.664994;80.895363;-4.463420;,
   3.072187;86.138901;-1.860439;,
   -1.664994;80.895363;-4.463419;,
   -3.072188;86.138908;-1.860439;,
   35.333229;83.478264;1.839714;,
   37.250572;84.083069;1.583151;,
   35.390438;81.437782;0.995191;,
   36.944290;82.020271;1.141471;,
   37.325634;78.134468;2.447861;,
   37.685799;80.264084;2.282936;,
   36.922516;77.968025;4.373547;,
   37.325634;78.134468;2.447861;,
   37.456993;80.304520;3.828853;,
   37.685799;80.264084;2.282936;,
   37.357643;84.397278;3.851498;,
   35.012718;84.074837;3.575038;,
   34.379589;81.708611;5.393650;,
   36.667015;81.884705;5.059598;,
   39.288494;81.960449;0.645941;,
   38.990311;83.322830;1.315787;,
   40.493717;81.963150;1.245197;,
   40.279522;83.277733;1.898153;,
   38.798172;83.500328;4.072961;,
   39.955624;83.261658;3.600529;,
   38.904358;81.852173;5.620872;,
   39.909645;81.779640;5.123093;,
   42.285740;76.748184;4.729042;,
   39.754929;78.728737;4.744686;,
   39.868675;78.481400;2.285301;,
   42.484055;76.566025;3.042045;,
   39.868675;78.481400;2.285301;,
   39.868675;78.481400;2.285301;,
   -12.823343;80.376434;4.985360;,
   -17.476826;80.706238;4.311098;,
   -14.104728;78.548347;5.044212;,
   -18.470997;78.537895;4.564626;,
   -22.767818;71.828232;3.033109;,
   -18.476309;78.537895;4.432322;,
   -18.654369;72.664879;4.703242;,
   -14.110043;78.548347;4.911907;,
   -36.750286;78.654152;2.570101;,
   -42.908443;72.244751;2.974833;,
   -42.344994;77.159744;2.740548;,
   -47.823483;70.338989;3.204100;,
   -32.400196;81.231522;2.369729;,
   -39.594322;80.992363;2.529372;,
   -36.744568;78.654152;2.664160;,
   -42.339756;77.159714;2.826720;,
   -36.750286;78.654152;2.570101;,
   -42.344994;77.159744;2.740548;,
   -36.744568;78.654152;2.664160;,
   -42.339756;77.159714;2.826720;,
   4.248032;74.145370;-0.162689;,
   3.749523;75.903267;0.245730;,
   2.531476;73.764854;-5.287442;,
   0.470133;75.421173;-5.518724;,
   0.821177;74.596581;-5.448896;,
   4.888805;72.879990;-4.924975;,
   5.637338;72.002945;-4.037858;,
   5.516269;72.752144;-0.941218;,
   4.904376;73.144814;4.524621;,
   4.386895;71.623749;3.978336;,
   2.498608;79.863800;6.479524;,
   0.775306;82.339195;6.685299;,
   1.903927;80.398239;1.296815;,
   0.118439;82.998985;2.862400;,
   3.582830;73.725693;5.416524;,
   0.457033;76.435509;-5.498623;,
   1.877881;77.116287;0.391872;,
   2.058285;75.651001;5.895974;,
   2.045578;77.811432;6.221682;,
   -0.775238;81.732788;6.608832;,
   -2.642091;85.443817;4.176069;,
   -1.849913;83.785027;3.178545;,
   0.000000;82.649017;7.190929;,
   -2.123712;85.684761;6.015699;,
   -4.033209;86.757729;4.580314;,
   -3.228430;85.171318;2.095264;,
   -4.082504;86.153397;2.928913;,
   -1.632540;83.668701;6.880519;,
   -1.321963;82.187668;6.685423;,
   -2.832964;84.388695;-0.227156;,
   -3.183954;82.920334;-1.453718;,
   -2.776657;83.433540;-1.258677;,
   -2.717801;84.274841;-1.135213;,
   -2.035325;81.167465;-2.761423;,
   0.000001;77.072113;-5.156070;,
   44.954132;79.915733;5.462369;,
   41.771214;80.346802;4.773942;,
   44.748352;79.630142;4.799527;,
   42.822800;79.404610;4.300269;,
   43.788937;79.963898;2.814309;,
   40.932358;80.834442;2.492943;,
   40.713276;80.986588;3.738680;,
   43.207214;79.367096;2.069170;,
   45.263714;79.948555;1.563956;,
   44.708485;79.834518;1.121619;,
   41.977600;79.331520;1.421581;,
   42.159664;80.599701;0.675759;,
   40.941895;81.864388;1.847420;,
   43.608440;79.079071;0.828553;,
   45.158379;79.261909;0.840266;,
   44.857670;78.695145;0.447532;,
   43.895874;79.685806;-0.100109;,
   45.150818;79.131393;-0.031559;,
   46.550110;78.235535;0.432632;,
   46.582417;78.584961;-0.014829;,
   46.798775;78.657494;0.667233;,
   41.934433;81.362007;4.499735;,
   44.833206;80.646202;5.213812;,
   40.538528;81.711113;4.271055;,
   41.985531;82.180176;3.535781;,
   40.693157;82.765335;3.609214;,
   45.356461;80.970757;4.621392;,
   42.822235;81.953758;3.505764;,
   45.581673;81.333557;3.551000;,
   46.232880;80.088776;3.636313;,
   46.241745;80.746826;4.165440;,
   40.940277;82.778763;2.340971;,
   42.132874;82.257095;2.600757;,
   46.525307;80.869232;3.000768;,
   45.489479;81.394005;2.392719;,
   46.235992;80.285706;2.433909;,
   43.144363;81.927452;2.519361;,
   44.838799;81.075493;1.456448;,
   43.431396;81.445679;1.545361;,
   40.941895;81.864388;1.847420;,
   46.466358;80.691391;1.750016;,
   46.140007;80.235977;1.260558;,
   42.159664;80.599701;0.675759;,
   43.729950;80.858963;0.778461;,
   44.624039;80.616928;0.837676;,
   44.048607;80.327522;0.427467;,
   43.895874;79.685806;-0.100109;,
   44.708485;79.834518;1.121619;,
   44.624039;80.616928;0.837676;,
   45.163456;80.510307;1.172937;,
   45.499428;79.507874;0.189344;,
   45.158379;79.261909;0.840266;,
   45.150818;79.131393;-0.031559;,
   46.827328;78.868073;0.197210;,
   46.582417;78.584961;-0.014829;,
   46.798775;78.657494;0.667233;,
   46.827328;78.868073;0.197210;,
   46.235992;80.285706;2.433909;,
   46.216930;79.678864;1.831290;,
   48.021317;79.805153;2.225958;,
   47.688438;79.458954;1.723572;,
   50.349808;78.749634;1.596369;,
   50.131916;79.057510;2.026633;,
   48.021317;79.805153;2.225958;,
   48.029152;80.221771;1.685556;,
   50.611725;79.274712;1.566530;,
   50.131916;79.057510;2.026633;,
   47.718277;79.881271;1.272981;,
   49.939926;79.065002;1.184356;,
   46.140007;80.235977;1.260558;,
   47.718277;79.881271;1.272981;,
   50.611725;79.274712;1.566530;,
   49.939926;79.065002;1.184356;,
   48.503460;80.132263;3.130831;,
   48.198730;79.607201;3.563333;,
   48.263428;79.711266;2.624511;,
   51.409805;79.219574;3.264721;,
   50.930023;78.960342;3.590838;,
   50.919743;78.972221;2.923541;,
   48.263428;79.711266;2.624511;,
   46.045517;79.688965;3.015990;,
   48.015408;79.356728;3.067602;,
   51.126587;78.611282;3.240415;,
   50.919743;78.972221;2.923541;,
   46.232880;80.088776;3.636313;,
   48.198730;79.607201;3.563333;,
   50.930023;78.960342;3.590838;,
   51.409805;79.219574;3.264721;,
   47.716553;79.529305;4.822974;,
   48.081200;80.101646;4.373604;,
   45.741501;80.135895;4.657761;,
   47.904045;79.634689;3.910845;,
   50.432751;79.239204;4.601186;,
   49.887257;78.929802;5.016758;,
   49.892750;78.949074;4.226404;,
   47.756207;79.140305;4.277181;,
   45.639114;79.611664;4.013567;,
   47.904045;79.634689;3.910845;,
   50.139812;78.518959;4.658440;,
   49.892750;78.949074;4.226404;,
   47.716553;79.529305;4.822974;,
   45.741501;80.135895;4.657761;,
   49.887257;78.929802;5.016758;,
   50.432751;79.239204;4.601186;,
   46.981976;79.467369;5.649063;,
   45.543983;80.444763;5.150586;,
   47.090801;79.855812;5.350349;,
   47.036335;79.535919;4.932614;,
   48.742916;79.116425;5.565020;,
   48.281189;79.009796;5.754596;,
   48.413898;78.982254;5.175675;,
   47.002640;79.070358;5.070684;,
   47.036335;79.535919;4.932614;,
   48.528469;78.586517;5.400459;,
   48.413898;78.982254;5.175675;,
   48.742916;79.116425;5.565020;,
   45.163456;80.510307;1.172937;,
   1.582651;89.756866;-2.606468;,
   0.785879;89.471016;-2.295233;,
   0.846522;89.357613;-3.349880;,
   0.445585;89.228706;-3.091111;,
   0.958791;89.731400;-3.701685;,
   2.013249;90.377319;-2.883671;,
   0.646249;95.906311;-4.150496;,
   1.226282;94.985794;-3.353545;,
   0.349876;95.354652;-4.073472;,
   0.693368;95.009048;-3.469842;,
   0.266285;92.905853;-5.346793;,
   0.350810;93.329483;-5.436006;,
   0.590859;93.132866;-4.765100;,
   0.482573;93.611397;-4.493874;,
   0.457603;94.391129;-3.945391;,
   0.797181;93.216660;-3.958419;,
   0.925837;94.112572;-3.678413;,
   3.170129;93.759193;-2.321425;,
   2.030572;93.665855;-3.307876;,
   2.792753;94.476547;-2.605851;,
   2.011782;94.828476;-3.271858;,
   0.000000;89.563599;-4.078320;,
   0.000000;89.155754;-3.571906;,
   0.851124;92.768112;-3.940177;,
   -0.000000;98.395821;-4.221518;,
   2.042177;98.258522;-3.312221;,
   2.038605;96.283913;-3.609276;,
   -0.000000;95.930855;-4.433776;,
   0.000000;95.408348;-4.265002;,
   3.074010;96.085686;-2.681250;,
   0.000000;94.830864;-4.345267;,
   0.252445;94.749901;-4.232680;,
   0.000000;93.858253;-4.996775;,
   0.223445;93.819397;-4.890544;,
   0.000000;93.296623;-5.563860;,
   -0.000000;92.871979;-5.427384;,
   0.438046;91.180450;-4.367647;,
   0.328606;91.595573;-4.225080;,
   1.013635;91.279831;-3.952262;,
   0.922426;91.461937;-3.818346;,
   0.420607;90.947029;-4.064459;,
   -0.000000;91.173645;-4.484758;,
   0.000000;90.945396;-4.229801;,
   3.212424;97.833252;-2.222176;,
   1.679188;92.702583;-3.525227;,
   1.221504;90.242599;-0.069320;,
   2.498028;90.296692;-1.190439;,
   2.781569;91.417519;0.563563;,
   3.148016;91.286026;-0.106111;,
   0.711321;90.417694;-3.777642;,
   0.000000;90.413002;-4.002363;,
   1.453851;90.540176;-3.240559;,
   3.070537;92.961723;-2.220414;,
   2.332082;92.000824;-2.891783;,
   2.858425;91.658829;-1.410664;,
   1.252340;90.864738;-3.547021;,
   1.426050;91.463371;-3.280334;,
   1.549272;92.027245;-3.526382;,
   0.923776;91.673309;-4.177899;,
   1.413688;91.517464;-3.336512;,
   1.664014;91.391510;-3.275230;,
   -0.000000;89.425110;-2.212794;,
   -0.000000;89.201569;-3.089439;,
   2.498028;90.296692;-1.190439;,
   1.221504;90.242599;-0.069320;,
   -0.000000;89.524673;-0.672005;,
   -0.000000;91.837570;-4.592092;,
   -0.000000;92.552475;-4.508634;,
   0.406213;92.024803;-4.593517;,
   0.234038;92.591476;-4.460611;,
   -0.000000;91.549706;-4.318143;,
   3.160464;98.963272;-0.786553;,
   2.008327;100.069313;-2.319771;,
   0.000000;100.358215;-2.921848;,
   39.528202;82.810448;2.335742;,
   39.428143;82.096977;1.842864;,
   31.774223;83.162529;1.969540;,
   32.215153;82.225952;1.365782;,
   39.594299;80.992332;2.529372;,
   32.400173;81.231506;2.369728;,
   32.074303;81.092484;3.800080;,
   32.400173;81.231506;2.369728;,
   39.555279;81.198929;3.396609;,
   39.594299;80.992332;2.529372;,
   39.437584;82.958702;3.489894;,
   31.516277;83.660797;3.258741;,
   31.579350;82.283310;4.643528;,
   39.219738;82.006538;4.149150;,
   7.927160;80.956429;-0.081136;,
   10.586315;83.382767;0.327982;,
   9.443318;81.295937;0.639803;,
   12.074490;82.762825;0.754069;,
   14.688517;83.951782;2.213233;,
   11.862816;84.368591;1.998129;,
   14.196206;84.219925;3.620888;,
   11.902062;84.432991;4.158663;,
   7.124589;82.002411;-0.037649;,
   6.485257;83.797676;0.698394;,
   9.138351;83.664207;0.466808;,
   7.915146;84.194244;0.941390;,
   9.549858;82.979080;5.919057;,
   7.139430;80.947845;6.179742;,
   10.761037;82.358078;5.862246;,
   9.626262;80.708267;5.628643;,
   25.211229;80.139809;2.106664;,
   24.257706;80.116646;4.069076;,
   22.730154;80.829063;3.072803;,
   22.129332;80.590012;4.149138;,
   23.160393;84.088089;3.321639;,
   21.443935;83.934486;3.326767;,
   23.168188;82.489677;5.279080;,
   21.339140;82.327644;5.065010;,
   23.912277;81.282715;1.381921;,
   25.218451;81.461472;1.654484;,
   22.730154;80.829063;3.072803;,
   24.234999;83.338699;1.554407;,
   26.598728;83.388176;1.619307;,
   25.280882;82.523407;1.342842;,
   26.893206;81.912460;0.975041;,
   26.343929;84.108994;3.342680;,
   25.172352;82.424690;5.022116;,
   1.914196;87.916725;4.622624;,
   0.000000;88.606987;5.670480;,
   0.804346;86.429291;5.865104;,
   0.000000;86.793343;6.271739;,
   5.004849;80.816711;6.184118;,
   7.139430;80.947845;6.179742;,
   4.985021;84.070061;6.342294;,
   6.982390;83.593109;6.075305;,
   5.552502;81.359886;-1.758869;,
   4.299304;83.603012;-0.813964;,
   7.124589;82.002411;-0.037649;,
   6.485257;83.797676;0.698394;,
   7.067870;79.959488;-1.435745;,
   7.208103;79.637642;-0.086070;,
   7.847055;76.080124;-3.292151;,
   7.246654;75.986336;-2.004411;,
   22.470150;83.376846;1.830772;,
   24.206276;82.520119;1.142401;,
   15.471387;80.745583;2.551876;,
   12.823328;80.376419;4.985361;,
   9.216818;80.861778;2.455713;,
   18.530195;82.454041;0.795410;,
   18.592945;83.583405;1.967263;,
   16.278252;81.343063;0.928008;,
   9.216818;80.861778;2.455713;,
   15.471387;80.745583;2.551876;,
   17.758062;83.916611;3.449963;,
   12.925952;82.507668;5.857777;,
   10.117035;84.686325;1.857516;,
   8.530198;84.929756;2.035051;,
   8.828053;84.964188;4.379172;,
   9.960169;84.975502;4.311803;,
   25.810184;80.437286;4.191775;,
   26.859474;80.473984;2.132222;,
   5.058963;74.808983;5.045236;,
   5.032775;76.234688;5.961342;,
   3.413400;76.700150;6.197093;,
   8.532418;83.847168;6.006710;,
   26.859474;80.473984;2.132222;,
   25.211229;80.139809;2.106664;,
   17.476810;80.706215;4.311098;,
   16.847668;82.436668;5.476613;,
   40.940277;82.778763;2.340971;,
   40.693157;82.765335;3.609214;,
   40.538528;81.711113;4.271055;,
   40.713276;80.986588;3.738680;,
   40.932358;80.834442;2.492943;,
   2.035326;81.167458;-2.761425;,
   0.924211;83.227356;-1.799714;,
   0.000000;83.877205;-0.889598;,
   -0.000000;86.040718;-0.148192;,
   0.804835;84.293907;-0.965675;,
   1.189713;85.765327;0.329901;,
   7.460041;84.544090;2.565391;,
   4.904649;85.673500;2.908021;,
   7.460041;84.544090;2.565391;,
   4.556294;85.032974;2.489301;,
   6.385825;84.432701;2.087784;,
   7.927160;80.956429;-0.081136;,
   7.566133;84.774971;3.989119;,
   4.904649;85.673500;2.908021;,
   5.395788;86.012459;4.553107;,
   7.460041;84.544090;2.565391;,
   7.566133;84.774971;3.989119;,
   2.656010;86.986023;2.965162;,
   6.433020;84.502441;1.663532;,
   8.153408;78.782990;5.509350;,
   7.436283;80.384506;1.530500;,
   7.165176;74.706520;3.575782;,
   7.436283;80.384506;1.530500;,
   8.153408;78.782990;5.509350;,
   7.422308;75.844894;1.096252;,
   7.287820;71.809242;2.034959;,
   6.082295;73.448090;3.964375;,
   7.436283;80.384506;1.530500;,
   7.191122;72.241142;-1.780852;,
   3.338990;82.647232;6.806606;,
   6.982390;83.593109;6.075305;,
   3.541496;75.362579;5.911785;,
   0.000000;84.219681;7.265756;,
   0.775515;84.181702;6.917641;,
   2.189592;88.565903;1.301418;,
   1.272445;88.402687;0.724229;,
   2.305729;89.718979;1.088217;,
   3.899064;84.397552;0.157241;,
   3.228430;85.171318;2.095263;,
   2.656010;86.986023;2.965162;,
   2.011146;85.362213;0.599135;,
   1.308775;84.177414;-1.902173;,
   0.507014;83.651993;-1.581542;,
   -0.000000;87.990013;0.048901;,
   1.221504;90.242599;-0.069320;,
   -0.000000;89.524673;-0.672005;,
   4.104594;84.370750;-0.380357;,
   1.466406;84.377357;-0.719888;,
   0.000000;83.084953;-1.773634;,
   2.781569;91.417519;0.563563;,
   1.221504;90.242599;-0.069320;,
   2.305729;89.718979;1.088217;,
   1.272445;88.402687;0.724229;,
   0.000001;81.317215;-2.930448;,
   5.846908;78.603500;-3.659326;,
   0.994383;76.228035;-5.545195;,
   1.790229;76.100090;-5.893054;,
   2.531476;73.764854;-5.287442;,
   3.080331;73.870193;-5.578175;,
   5.755076;77.356186;-5.071121;,
   3.455513;78.576271;-4.302108;,
   4.306788;77.323151;-5.409430;,
   3.481924;75.962555;-6.360910;,
   4.102100;74.578629;-6.510948;,
   4.888805;72.879990;-4.924975;,
   5.329493;73.843735;-6.066783;,
   7.220097;73.812416;-4.306104;,
   6.434182;74.416023;-5.525948;,
   7.076596;76.034576;-5.102598;,
   6.733244;73.344643;-3.471608;,
   5.534944;76.029160;-6.598529;,
   0.922621;91.492401;-3.870190;,
   0.323582;91.622986;-4.253537;,
   -0.000000;91.583466;-4.365465;,
   0.000000;91.082603;-2.033395;,
   0.625516;90.998207;-2.033395;,
   -0.000000;91.549706;-4.318143;,
   0.328606;91.595573;-4.225080;,
   1.426050;91.463371;-3.280334;,
   1.419869;91.490417;-2.033399;,
   1.413688;91.517464;-3.336512;,
   0.922426;91.461937;-3.818346;,
