xof 0303txt 0032
template VertexDuplicationIndices {
 <b8d65549-d7c9-4995-89cf-53a9a8b031e3>
 DWORD nIndices;
 DWORD nOriginalVertices;
 array DWORD indices[nIndices];
}

template EffectParamDWord {
 <e13963bc-ae51-4c5d-b00f-cfa3a9d97ce5>
 STRING ParamName;
 DWORD Value;
}

template FVFData {
 <b6e70a0e-8ef9-4e83-94ad-ecc8b0c04897>
 DWORD dwFVF;
 DWORD nDWords;
 array DWORD data[nDWords];
}

template EffectFloats {
 <f1cfe2b3-0de3-4e28-afa1-155a750a282d>
 DWORD nFloats;
 array FLOAT Floats[nFloats];
}

template EffectString {
 <d55b097e-bdb6-4c52-b03d-6051c89d0e42>
 STRING Value;
}

template EffectDWord {
 <622c0ed0-956e-4da9-908a-2af94f3ce716>
 DWORD Value;
}

template EffectInstance {
 <e331f7e4-0559-4cc2-8e99-1cec1657928f>
 STRING EffectFilename;
 [...]
}

template AnimTicksPerSecond {
 <9e415a43-7ba6-4a73-8743-b73d47e88476>
 DWORD AnimTicksPerSecond;
}

template VertexElement {
 <f752461c-1e23-48f6-b9f8-8350850f336f>
 DWORD Type;
 DWORD Method;
 DWORD Usage;
 DWORD UsageIndex;
}

template DeclData {
 <bf22e553-292c-4781-9fea-62bd554bdd93>
 DWORD nElements;
 array VertexElement Elements[nElements];
 DWORD nDWords;
 array DWORD data[nDWords];
}

template EffectParamFloats {
 <3014b9a0-62f5-478c-9b86-e4ac9f4e418b>
 STRING ParamName;
 DWORD nFloats;
 array FLOAT Floats[nFloats];
}

template EffectParamString {
 <1dbc4c88-94c1-46ee-9076-2c28818c9481>
 STRING ParamName;
 STRING Value;
}


AnimTicksPerSecond {
 4800;
}

Frame {
 

 FrameTransformMatrix {
  1.000000,0.000000,0.000000,0.000000,0.000000,1.000000,0.000000,0.000000,0.000000,0.000000,1.000000,0.000000,0.000000,0.000000,0.000000,1.000000;;
 }

 Frame Pelvis {
  

  FrameTransformMatrix {
   0.663586,-0.003770,-0.748091,0.000000,0.154038,0.979248,0.131703,0.000000,0.732070,-0.202631,0.650396,0.000000,-2.158667,63.476151,1.392138,1.000000;;
  }

  Frame Spine1 {
   

   FrameTransformMatrix {
    0.996727,0.025063,0.076864,0.000000,-0.026200,0.999561,0.013812,0.000000,-0.076484,-0.015781,0.996946,0.000000,0.000000,4.873665,-0.224559,1.000000;;
   }

   Frame Spine2 {
    

    FrameTransformMatrix {
     0.996363,0.064244,0.055971,0.000000,-0.056273,0.989396,-0.133900,0.000000,-0.063980,0.130263,0.989413,0.000000,0.000000,4.962326,-0.064898,1.000000;;
    }

    Frame Spine3 {
     

     FrameTransformMatrix {
      0.998701,-0.035494,0.036568,0.000000,0.047595,0.906111,-0.420353,0.000000,-0.018215,0.421547,0.906623,0.000000,0.000000,6.473663,1.313819,1.000000;;
     }

     Frame Neck {
      

      FrameTransformMatrix {
       0.997872,0.063001,-0.016816,0.000000,-0.063786,0.996651,-0.051173,0.000000,0.013535,0.052137,0.998548,0.000000,0.000001,15.349434,2.929846,1.000000;;
      }

      Frame Head {
       

       FrameTransformMatrix {
        0.803002,-0.251209,0.540448,0.000000,0.272298,0.961285,0.042237,0.000000,-0.530134,0.113246,0.840316,0.000000,0.000000,5.420633,-1.177673,1.000000;;
       }

       Frame Jaw {
        

        FrameTransformMatrix {
         1.000001,0.000000,0.000000,0.000000,0.000000,1.000001,0.000000,0.000000,0.000000,0.000000,1.000000,0.000000,0.000001,-0.161171,-3.239994,1.000000;;
        }
       }
      }
     }

     Frame left_collar {
      

      FrameTransformMatrix {
       0.999393,0.013280,-0.032194,0.000000,-0.013293,0.999912,-0.000184,0.000000,0.032188,0.000612,0.999482,0.000000,1.136071,3.834625,1.000046,1.000000;;
      }

      Frame left_shoulder {
       

       FrameTransformMatrix {
        0.359001,-0.933162,-0.018144,0.000000,0.920917,0.350995,0.169455,0.000000,-0.151760,-0.077543,0.985370,0.000000,10.064324,3.691400,1.819069,1.000000;;
       }

       Frame left_elbow {
        

        FrameTransformMatrix {
         0.661691,0.000000,-0.749779,0.000000,0.000000,0.999999,0.000000,0.000000,0.749777,0.000000,0.661689,0.000000,15.852627,0.000000,-0.000002,1.000000;;
        }

        Frame left_wrist {
         

         FrameTransformMatrix {
          0.945789,0.216432,-0.242184,0.000000,-0.297408,0.876770,-0.377915,0.000000,0.130546,0.429452,0.893601,0.000000,18.079140,-0.000000,0.000004,1.000000;;
         }

         Frame left_index1 {
          

          FrameTransformMatrix {
           0.032600,-0.056525,-0.997886,0.000000,0.555846,-0.828725,0.065102,0.000000,-0.830634,-0.556780,0.004403,0.000000,5.936331,-2.170254,-1.028626,1.000000;;
          }

          Frame left_index2 {
           

           FrameTransformMatrix {
            0.999996,-0.000008,-0.000003,0.000000,0.000008,0.778584,0.627543,0.000000,-0.000003,-0.627543,0.778584,0.000000,-0.000001,3.257072,-0.000002,1.000000;;
           }
          }
         }

         Frame left_middle1 {
          

          FrameTransformMatrix {
           0.150901,-0.096841,-0.983811,0.000000,0.313077,-0.939275,0.140478,0.000000,-0.937651,-0.329200,-0.111416,0.000000,6.206476,-2.082958,0.443330,1.000000;;
          }

          Frame left_middle2 {
           

           FrameTransformMatrix {
            0.999995,-0.000012,-0.000011,0.000000,0.000016,0.461561,0.887101,0.000000,-0.000005,-0.887116,0.461569,0.000000,0.000001,3.182610,-0.000001,1.000000;;
           }
          }
         }

         Frame left_thumb1 {
          

          FrameTransformMatrix {
           1.000017,0.000402,0.000804,0.000000,-0.000111,0.942905,-0.333049,0.000000,-0.000892,0.333046,0.942897,0.000000,1.470129,-1.420170,-1.427006,1.000000;;
          }

          Frame left_thumb2 {
           

           FrameTransformMatrix {
            -0.771489,-0.634736,0.044887,0.000000,0.576591,-0.727160,-0.372523,0.000000,0.269069,-0.261492,0.926894,0.000000,1.253521,-1.687241,-1.590764,1.000000;;
           }
          }
         }

         Frame left_weapon {
          

          FrameTransformMatrix {
           1.000017,0.000000,0.000000,0.000000,0.000000,0.999996,0.000000,0.000000,0.000000,0.000000,0.999988,0.000000,4.029003,-2.638699,0.372264,1.000000;;
          }
         }
        }

        Frame left_shield {
         

         FrameTransformMatrix {
          0.828107,-0.157473,-0.538008,0.000000,0.280711,0.947220,0.154825,0.000000,0.485228,-0.279234,0.828599,0.000000,11.311230,6.674454,-0.000004,1.000000;;
         }
        }
       }
      }

      Frame left_shoulderPad {
       

       FrameTransformMatrix {
        1.000001,0.000000,0.000000,0.000000,0.000000,1.000000,0.000000,0.000000,0.000000,0.000000,0.999999,0.000000,8.765477,9.167580,1.133202,1.000000;;
       }
      }
     }

     Frame right_collar {
      

      FrameTransformMatrix {
       0.998147,0.052169,0.031330,0.000000,0.052485,-0.998578,-0.009319,0.000000,0.030799,0.010946,-0.999465,0.000000,-1.136070,3.834595,1.000040,1.000000;;
      }

      Frame right_shoulder {
       

       FrameTransformMatrix {
        0.314695,-0.943611,0.102791,0.000000,0.929061,0.328395,0.170305,0.000000,-0.194458,0.041905,0.980015,0.000000,-10.064323,-3.691376,-1.819067,1.000000;;
       }

       Frame right_elbow {
        

        FrameTransformMatrix {
         0.887828,0.000000,-0.460178,0.000000,0.000000,1.000001,0.000000,0.000000,0.460177,0.000000,0.887825,0.000000,-15.852573,0.000061,0.000000,1.000000;;
        }

        Frame right_wrist {
         

         FrameTransformMatrix {
          0.939091,0.239300,0.246670,0.000000,-0.283328,0.945317,0.161576,0.000000,-0.194515,-0.221621,0.955532,0.000000,-18.079128,-0.000179,-0.000007,1.000000;;
         }

         Frame right_index1 {
          

          FrameTransformMatrix {
           0.032600,-0.056546,-0.997876,0.000000,0.068003,-0.995964,0.058659,0.000000,-0.997139,-0.069769,-0.028622,0.000000,-5.936358,2.170395,1.028622,1.000000;;
          }

          Frame right_index2 {
           

           FrameTransformMatrix {
            1.000012,-0.000018,-0.000016,0.000000,0.000016,0.000000,1.000021,0.000000,-0.000018,-0.999968,0.000000,0.000000,0.000000,-3.257019,0.000032,1.000000;;
           }
          }
         }

         Frame right_middle1 {
          

          FrameTransformMatrix {
           0.150869,-0.096799,-0.983811,0.000000,-0.182240,-0.980866,0.068562,0.000000,-0.971598,0.168941,-0.165619,0.000000,-6.206452,2.082970,-0.443323,1.000000;;
          }

          Frame right_middle2 {
           

           FrameTransformMatrix {
            1.000007,-0.000017,-0.000014,0.000000,0.000014,0.000000,1.000026,0.000000,-0.000017,-0.999967,0.000000,0.000000,-0.000010,-3.182720,-0.000107,1.000000;;
           }
          }
         }

         Frame right_thumb1 {
          

          FrameTransformMatrix {
           0.982305,-0.187339,0.000009,0.000000,0.165568,0.868128,-0.467923,0.000000,0.087650,0.459632,0.883759,0.000000,-1.470175,1.420151,1.426999,1.000000;;
          }

          Frame right_thumb2 {
           

           FrameTransformMatrix {
            -0.771464,-0.634714,0.044923,0.000000,0.614662,-0.761620,-0.205280,0.000000,0.164500,-0.130747,0.977649,0.000000,-1.253452,1.687386,1.590778,1.000000;;
           }
          }
         }

         Frame right_weapon {
          

          FrameTransformMatrix {
           0.674820,-0.276596,0.684200,0.000000,-0.407121,-0.912800,0.032529,0.000000,0.615524,-0.300495,-0.728565,0.000000,-2.836157,3.359436,-0.128533,1.000000;;
          }
         }
        }
       }
      }

      Frame right_shoulderPad {
       

       FrameTransformMatrix {
        1.000000,0.000000,0.000000,0.000000,0.000000,1.000000,0.000000,0.000000,0.000000,0.000000,1.000000,0.000000,-8.765474,-9.167587,-1.133204,1.000000;;
       }
      }
     }

     Frame Quiver {
      

      FrameTransformMatrix {
       0.874487,-0.328428,-0.356942,0.000000,0.005287,-0.729391,0.684076,0.000000,-0.485020,-0.600103,-0.636107,0.000000,-11.389995,-2.095596,0.099470,1.000000;;
      }
     }
    }
   }
  }

  Frame left_thigh {
   

   FrameTransformMatrix {
    0.751220,0.347474,0.561186,0.000000,0.422466,-0.906368,-0.004321,0.000000,0.507140,0.240328,-0.827678,0.000000,5.311349,-4.080631,0.397655,1.000000;;
   }

   Frame left_knee {
    

    FrameTransformMatrix {
     1.000000,0.000000,-0.000000,0.000000,-0.000000,0.865930,-0.500166,0.000000,0.000000,0.500166,0.865930,0.000000,-0.000004,26.682472,0.000000,1.000000;;
    }

    Frame left_ankle {
     

     FrameTransformMatrix {
      0.991298,0.128900,0.026702,0.000000,0.130946,-0.986346,-0.099870,0.000000,0.013464,0.102498,-0.994642,0.000000,-0.000004,28.464994,-0.000000,1.000000;;
     }

     Frame left_ball {
      

      FrameTransformMatrix {
       0.995565,-0.094077,-0.000000,0.000000,0.094077,0.995565,0.000000,0.000000,0.000000,-0.000000,1.000000,0.000000,-0.000001,-8.108182,-7.401873,1.000000;;
      }
     }
    }
   }
  }

  Frame right_thigh {
   

   FrameTransformMatrix {
    0.978118,-0.204773,-0.036792,0.000000,-0.203210,-0.978227,0.042159,0.000000,-0.044624,-0.033760,-0.998433,0.000000,-5.311341,-4.080570,0.397657,1.000000;;
   }

   Frame right_knee {
    

    FrameTransformMatrix {
     1.000000,0.000000,-0.000000,0.000000,-0.000000,0.837935,-0.545771,0.000000,0.000000,0.545771,0.837935,0.000000,-0.000002,26.682543,-0.000001,1.000000;;
    }

    Frame right_ankle {
     

     FrameTransformMatrix {
      0.990263,-0.075417,0.117004,0.000000,-0.026940,-0.928460,-0.370453,0.000000,0.136572,0.363695,-0.921453,0.000000,0.000000,28.465002,0.000000,1.000000;;
     }

     Frame right_ball {
      

      FrameTransformMatrix {
       0.985110,0.171912,0.000000,0.000000,-0.171913,0.985112,0.000000,0.000000,0.000000,0.000000,1.000002,0.000000,0.000002,-8.108184,-7.401870,1.000000;;
      }
     }
    }
   }
  }

  Frame backSkirt {
   

   FrameTransformMatrix {
    1.000000,0.000000,0.000000,0.000000,0.000000,1.000000,0.000000,0.000000,0.000000,0.000000,1.000000,0.000000,0.000000,-2.473770,9.336002,1.000000;;
   }
  }

  Frame left_hipDangle {
   

   FrameTransformMatrix {
    1.000000,0.000000,0.000000,0.000000,0.000000,1.000000,0.000000,0.000000,0.000000,0.000000,1.000000,0.000000,12.921510,3.413360,-2.985558,1.000000;;
   }
  }

  Frame right_hipDangle {
   

   FrameTransformMatrix {
    1.000000,0.000000,0.000000,0.000000,0.000000,1.000000,0.000000,0.000000,0.000000,0.000000,1.000000,0.000000,-12.921509,3.413354,-2.985556,1.000000;;
   }
  }
 }

 Frame A_normal_Cloth {
  

  FrameTransformMatrix {
   1.000000,0.000000,0.000000,0.000000,0.000000,1.000000,0.000000,0.000000,0.000000,0.000000,1.000000,0.000000,0.000000,0.000000,0.000000,1.000000;;
  }

  Mesh A_normal_Cloth {
   71;
   8.174205;37.273075;-11.777106;,
   8.884084;30.887449;-12.207369;,
   6.663062;31.509581;-11.674970;,
   4.307382;36.843155;-12.204768;,
   4.497090;41.308640;-12.793534;,
   7.916292;41.966358;-12.006554;,
   4.699796;46.852573;-12.729944;,
   9.399592;47.875618;-11.329730;,
   10.215888;42.067516;-11.062179;,
   4.442042;31.203632;-11.921945;,
   0.000000;36.413242;-13.375010;,
   0.000000;40.650921;-13.580514;,
   0.000000;46.419823;-14.130157;,
   -0.031958;52.954468;-14.398515;,
   4.482988;54.036198;-12.666625;,
   8.374231;54.899506;-10.013301;,
   7.503050;60.894482;-11.759915;,
   11.043722;61.720181;-8.298644;,
   8.197090;64.604630;-10.970102;,
   12.112448;66.937958;-5.159082;,
   2.221021;29.640919;-13.314864;,
   0.000000;30.239103;-14.050226;,
   -2.221021;30.880058;-12.585798;,
   -4.307382;36.843155;-12.204768;,
   -4.497090;41.308640;-12.793534;,
   -4.699796;46.852573;-12.729944;,
   -4.576671;54.057152;-12.699440;,
   0.000000;58.850323;-14.377958;,
   0.000001;63.310162;-12.944692;,
   -4.442042;29.470135;-11.379010;,
   -6.663062;29.776087;-11.395344;,
   -8.174205;37.273075;-11.777106;,
   -7.916292;41.966358;-12.006554;,
   -9.399592;47.875618;-11.329730;,
   -8.460948;54.915195;-10.009632;,
   -7.503049;60.894482;-12.297433;,
   -8.884084;30.887449;-12.207369;,
   -10.215888;42.067516;-11.062179;,
   -11.043722;61.720181;-8.298644;,
   -8.197090;64.604630;-10.970102;,
   0.000001;63.310162;-12.944692;,
   -12.112448;66.937958;-5.159082;,
   9.399592;52.244678;10.838603;,
   7.661915;44.579895;12.048554;,
   10.215888;45.456253;12.847746;,
   5.107944;45.549774;12.685753;,
   4.699796;52.242622;10.817657;,
   0.000000;52.240566;12.986500;,
   2.553972;43.756481;14.676739;,
   0.000000;43.568768;15.366080;,
   10.246930;58.045982;10.151579;,
   0.000000;60.392654;12.144468;,
   -4.699796;52.242622;10.817657;,
   -5.107944;44.918858;12.685753;,
   0.000000;43.568768;15.366080;,
   10.272437;60.540344;11.776498;,
   9.916925;62.728142;10.303764;,
   2.287233;62.505531;13.471883;,
   -9.388555;65.217064;11.124782;,
   -9.278738;64.047600;10.706078;,
   -9.399592;52.244678;10.838603;,
   -7.661915;44.181587;12.059094;,
   12.951028;63.920197;7.737539;,
   9.708007;69.855453;6.489756;,
   0.000001;70.442894;8.742877;,
   13.506149;68.630119;0.634163;,
   -10.215888;45.456253;12.847746;,
   -12.493691;66.241547;6.731218;,
   -9.708007;69.855453;6.489756;,
   -13.506149;68.630119;0.634163;,
   0.000001;70.442894;8.742877;;
   87;
   3;0,1,2;,
   3;3,0,2;,
   3;0,3,4;,
   3;5,0,4;,
   3;5,4,6;,
   3;7,5,6;,
   3;7,8,5;,
   3;9,3,2;,
   3;3,9,10;,
   3;3,10,11;,
   3;4,3,11;,
   3;4,11,12;,
   3;6,4,12;,
   3;12,13,6;,
   3;13,14,6;,
   3;6,14,7;,
   3;14,15,7;,
   3;15,14,16;,
   3;17,15,16;,
   3;16,18,17;,
   3;18,19,17;,
   3;9,20,10;,
   3;20,21,10;,
   3;10,21,22;,
   3;10,22,23;,
   3;11,10,23;,
   3;24,11,23;,
   3;12,11,24;,
   3;25,12,24;,
   3;13,12,25;,
   3;26,13,25;,
   3;27,13,26;,
   3;13,27,14;,
   3;27,16,14;,
   3;27,28,16;,
   3;28,18,16;,
   3;22,29,23;,
   3;29,30,23;,
   3;30,31,23;,
   3;24,23,31;,
   3;32,24,31;,
   3;24,32,25;,
   3;32,33,25;,
   3;25,33,26;,
   3;33,34,26;,
   3;26,34,35;,
   3;35,27,26;,
   3;28,27,35;,
   3;30,36,31;,
   3;32,37,33;,
   3;34,38,35;,
   3;35,38,39;,
   3;39,40,35;,
   3;38,41,39;,
   3;42,43,44;,
   3;43,42,45;,
   3;42,46,45;,
   3;46,47,45;,
   3;47,48,45;,
   3;47,49,48;,
   3;42,50,46;,
   3;50,51,46;,
   3;46,51,47;,
   3;52,47,51;,
   3;47,52,53;,
   3;54,47,53;,
   3;51,50,55;,
   3;51,55,56;,
   3;51,56,57;,
   3;51,57,58;,
   3;59,51,58;,
   3;59,52,51;,
   3;59,60,52;,
   3;52,60,61;,
   3;53,52,61;,
   3;50,62,55;,
   3;55,62,56;,
   3;56,62,63;,
   3;57,56,63;,
   3;64,57,63;,
   3;57,64,58;,
   3;62,65,63;,
   3;60,66,61;,
   3;59,58,67;,
   3;58,68,67;,
   3;68,69,67;,
   3;70,68,58;;

   MeshNormals {
    71;
    0.103945;-0.060511;-0.992741;,
    -0.222046;0.040955;-0.974176;,
    -0.035509;-0.007944;-0.999338;,
    0.183792;-0.078756;-0.979805;,
    0.207170;-0.066637;-0.976033;,
    0.277757;0.000231;-0.960651;,
    0.284899;0.007937;-0.958525;,
    0.341181;0.066375;-0.937651;,
    0.379459;0.010714;-0.925147;,
    0.282685;0.028179;-0.958799;,
    -0.002255;-0.013232;-0.999910;,
    -0.000000;-0.094392;-0.995535;,
    0.000397;-0.041570;-0.999136;,
    0.002020;-0.002072;-0.999996;,
    0.411354;0.018718;-0.911283;,
    0.590731;0.008655;-0.806822;,
    0.494646;0.030009;-0.868576;,
    0.741570;0.067253;-0.667496;,
    0.572054;0.132323;-0.809472;,
    0.771899;0.204166;-0.602071;,
    0.403390;0.124243;-0.906554;,
    -0.026357;0.108676;-0.993728;,
    -0.438198;-0.014224;-0.898766;,
    -0.189882;-0.088882;-0.977776;,
    -0.207170;-0.066637;-0.976033;,
    -0.284696;0.004717;-0.958606;,
    -0.405221;-0.002771;-0.914214;,
    0.023741;0.112922;-0.993320;,
    0.061066;0.285301;-0.956491;,
    -0.183488;-0.106101;-0.977279;,
    0.091895;-0.061500;-0.993868;,
    -0.096697;-0.074325;-0.992535;,
    -0.277757;0.000231;-0.960651;,
    -0.343474;0.062533;-0.937078;,
    -0.614183;-0.021659;-0.788866;,
    -0.495977;0.063854;-0.865985;,
    0.353714;0.023682;-0.935054;,
    -0.379459;0.010714;-0.925147;,
    -0.765682;0.078286;-0.638438;,
    -0.586063;0.210168;-0.782534;,
    -0.177963;0.301791;-0.936617;,
    -0.771899;0.204166;-0.602071;,
    -0.013704;0.173250;0.984783;,
    0.002288;0.155421;0.987846;,
    -0.360380;0.224620;0.905357;,
    0.321850;0.227318;0.919097;,
    0.210394;0.154808;0.965282;,
    -0.005160;0.198887;0.980009;,
    0.333423;0.279737;0.900320;,
    0.234143;0.257267;0.937545;,
    0.331742;-0.277518;0.901627;,
    -0.062815;-0.194474;0.978894;,
    -0.213575;0.114981;0.970137;,
    -0.351127;0.248111;0.902857;,
    -0.399732;0.242561;0.883956;,
    0.452637;-0.022693;0.891406;,
    0.322426;0.475777;0.818338;,
    0.160919;-0.101286;0.981757;,
    -0.509353;0.155780;0.846340;,
    -0.429030;-0.256344;0.866153;,
    0.046009;0.092467;0.994652;,
    0.033537;0.227733;0.973146;,
    0.647106;0.398555;0.649929;,
    0.522643;0.515972;0.678688;,
    0.089105;0.528623;0.844167;,
    0.769316;0.503127;0.393721;,
    0.385954;0.218831;0.896188;,
    -0.712620;0.508915;0.482885;,
    -0.514430;0.636049;0.575155;,
    -0.730161;0.586273;0.350925;,
    -0.203794;0.684958;0.699501;;
    87;
    3;0,1,2;,
    3;3,0,2;,
    3;0,3,4;,
    3;5,0,4;,
    3;5,4,6;,
    3;7,5,6;,
    3;7,8,5;,
    3;9,3,2;,
    3;3,9,10;,
    3;3,10,11;,
    3;4,3,11;,
    3;4,11,12;,
    3;6,4,12;,
    3;12,13,6;,
    3;13,14,6;,
    3;6,14,7;,
    3;14,15,7;,
    3;15,14,16;,
    3;17,15,16;,
    3;16,18,17;,
    3;18,19,17;,
    3;9,20,10;,
    3;20,21,10;,
    3;10,21,22;,
    3;10,22,23;,
    3;11,10,23;,
    3;24,11,23;,
    3;12,11,24;,
    3;25,12,24;,
    3;13,12,25;,
    3;26,13,25;,
    3;27,13,26;,
    3;13,27,14;,
    3;27,16,14;,
    3;27,28,16;,
    3;28,18,16;,
    3;22,29,23;,
    3;29,30,23;,
    3;30,31,23;,
    3;24,23,31;,
    3;32,24,31;,
    3;24,32,25;,
    3;32,33,25;,
    3;25,33,26;,
    3;33,34,26;,
    3;26,34,35;,
    3;35,27,26;,
    3;28,27,35;,
    3;30,36,31;,
    3;32,37,33;,
    3;34,38,35;,
    3;35,38,39;,
    3;39,40,35;,
    3;38,41,39;,
    3;42,43,44;,
    3;43,42,45;,
    3;42,46,45;,
    3;46,47,45;,
    3;47,48,45;,
    3;47,49,48;,
    3;42,50,46;,
    3;50,51,46;,
    3;46,51,47;,
    3;52,47,51;,
    3;47,52,53;,
    3;54,47,53;,
    3;51,50,55;,
    3;51,55,56;,
    3;51,56,57;,
    3;51,57,58;,
    3;59,51,58;,
    3;59,52,51;,
    3;59,60,52;,
    3;52,60,61;,
    3;53,52,61;,
    3;50,62,55;,
    3;55,62,56;,
    3;56,62,63;,
    3;57,56,63;,
    3;64,57,63;,
    3;57,64,58;,
    3;62,65,63;,
    3;60,66,61;,
    3;59,58,67;,
    3;58,68,67;,
    3;68,69,67;,
    3;70,68,58;;
   }

   MeshTextureCoords {
    71;
    0.218750;0.929688;,
    0.218750;0.988281;,
    0.195313;0.988281;,
    0.171875;0.929688;,
    0.173828;0.882813;,
    0.218750;0.882813;,
    0.179688;0.824219;,
    0.250000;0.824219;,
    0.250000;0.882813;,
    0.173828;0.988281;,
    0.128906;0.929688;,
    0.128906;0.882813;,
    0.128906;0.824219;,
    0.128906;0.753906;,
    0.191406;0.753906;,
    0.250000;0.753906;,
    0.205078;0.673828;,
    0.250000;0.673828;,
    0.210938;0.632813;,
    0.250000;0.632813;,
    0.150391;0.988281;,
    0.128906;0.988281;,
    0.107422;0.988281;,
    0.085938;0.929688;,
    0.083984;0.882813;,
    0.078125;0.824219;,
    0.066406;0.753906;,
    0.128906;0.673828;,
    0.128906;0.632813;,
    0.083984;0.988281;,
    0.062500;0.988281;,
    0.039063;0.929688;,
    0.039063;0.882813;,
    0.007813;0.824219;,
    0.007813;0.753906;,
    0.052734;0.673828;,
    0.039063;0.988281;,
    0.007813;0.882813;,
    0.007813;0.673828;,
    0.046875;0.632813;,
    0.128906;0.632813;,
    0.007813;0.632813;,
    0.298828;0.773438;,
    0.310547;0.820313;,
    0.292969;0.820313;,
    0.326172;0.820313;,
    0.330078;0.773438;,
    0.361328;0.773438;,
    0.343750;0.820313;,
    0.361328;0.820313;,
    0.296875;0.734375;,
    0.365234;0.718750;,
    0.392578;0.773438;,
    0.394531;0.820313;,
    0.361328;0.820313;,
    0.296875;0.718750;,
    0.300781;0.703125;,
    0.349609;0.705078;,
    0.427734;0.687500;,
    0.427734;0.695313;,
    0.423828;0.773438;,
    0.412109;0.820313;,
    0.275391;0.695313;,
    0.300781;0.664063;,
    0.365234;0.664063;,
    0.255859;0.664063;,
    0.427734;0.820313;,
    0.451172;0.679688;,
    0.429688;0.664063;,
    0.474609;0.664063;,
    0.365234;0.664063;;
   }

   MeshMaterialList {
    1;
    87;
    0,
    0,
    0,
    0,
    0,
    0,
    0,
    0,
    0,
    0,
    0,
    0,
    0,
    0,
    0,
    0,
    0,
    0,
    0,
    0,
    0,
    0,
    0,
    0,
    0,
    0,
    0,
    0,
    0,
    0,
    0,
    0,
    0,
    0,
    0,
    0,
    0,
    0,
    0,
    0,
    0,
    0,
    0,
    0,
    0,
    0,
    0,
    0,
    0,
    0,
    0,
    0,
    0,
    0,
    0,
    0,
    0,
    0,
    0,
    0,
    0,
    0,
    0,
    0,
    0,
    0,
    0,
    0,
    0,
    0,
    0,
    0,
    0,
    0,
    0,
    0,
    0,
    0,
    0,
    0,
    0,
    0,
    0,
    0,
    0,
    0,
    0;

    Material {
     1.000000;1.000000;1.000000;1.000000;;
     10.000000;
     0.000000;0.000000;0.000000;;
     0.000000;0.000000;0.000000;;

     TextureFilename {
      "Blacksmith_A_diff.dds";
     }
    }
   }

   VertexDuplicationIndices {
    71;
    68;
    0,
    1,
    2,
    3,
    4,
    5,
    6,
    7,
    8,
    9,
    10,
    11,
    12,
    13,
    14,
    15,
    16,
    17,
    18,
    19,
    20,
    21,
    22,
    23,
    24,
    25,
    26,
    27,
    28,
    29,
    30,
    31,
    32,
    33,
    34,
    35,
    36,
    37,
    38,
    39,
    28,
    41,
    42,
    43,
    44,
    45,
    46,
    47,
    48,
    49,
    50,
    51,
    52,
    53,
    49,
    55,
    56,
    57,
    58,
    59,
    60,
    61,
    62,
    63,
    64,
    65,
    66,
    67,
    68,
    69,
    64;
   }

   XSkinMeshHeader {
    3;
    3;
    3;
   }

   SkinWeights {
    "Pelvis";
    67;
    0,
    1,
    2,
    3,
    4,
    5,
    6,
    7,
    8,
    9,
    10,
    11,
    12,
    13,
    16,
    17,
    18,
    19,
    20,
    21,
    22,
    23,
    24,
    25,
    27,
    28,
    29,
    30,
    31,
    32,
    33,
    35,
    36,
    37,
    38,
    39,
    40,
    41,
    42,
    43,
    44,
    45,
    46,
    47,
    48,
    49,
    50,
    51,
    52,
    53,
    54,
    55,
    56,
    57,
    58,
    59,
    60,
    61,
    62,
    63,
    64,
    65,
    66,
    67,
    68,
    69,
    70;
    1.000000,
    1.000000,
    1.000000,
    1.000000,
    1.000000,
    1.000000,
    1.000000,
    1.000000,
    1.000000,
    1.000000,
    1.000000,
    1.000000,
    1.000000,
    0.678859,
    1.000000,
    1.000000,
    1.000000,
    1.000000,
    1.000000,
    1.000000,
    1.000000,
    1.000000,
    1.000000,
    1.000000,
    1.000000,
    1.000000,
    1.000000,
    1.000000,
    1.000000,
    1.000000,
    1.000000,
    1.000000,
    1.000000,
    1.000000,
    1.000000,
    1.000000,
    1.000000,
    1.000000,
    1.000000,
    1.000000,
    1.000000,
    1.000000,
    1.000000,
    1.000000,
    1.000000,
    1.000000,
    1.000000,
    1.000000,
    1.000000,
    1.000000,
    1.000000,
    1.000000,
    1.000000,
    1.000000,
    1.000000,
    1.000000,
    1.000000,
    1.000000,
    1.000000,
    1.000000,
    1.000000,
    1.000000,
    1.000000,
    1.000000,
    1.000000,
    1.000000,
    1.000000;
    1.000000,0.000000,0.000000,0.000000,0.000000,1.000000,0.000000,0.000000,0.000000,0.000000,1.000000,0.000000,0.000000,-69.727959,0.000000,1.000000;;
   }

   SkinWeights {
    "right_thigh";
    3;
    13,
    26,
    34;
    0.150000,
    1.000000,
    1.000000;
    1.000000,0.000000,0.000000,0.000000,0.000000,-0.997208,0.074676,0.000000,0.000000,-0.074676,-0.997208,0.000000,5.100000,66.421242,-5.392592,1.000000;;
   }

   SkinWeights {
    "left_thigh";
    3;
    13,
    14,
    15;
    0.171141,
    1.000000,
    1.000000;
    1.000000,0.000000,0.000000,0.000000,-0.000000,-0.997208,0.074675,0.000000,0.000000,-0.074675,-0.997208,0.000000,-5.100000,66.421265,-5.392562,1.000000;;
   }
  }
 }

 Frame A_normal_mat {
  

  FrameTransformMatrix {
   1.000000,0.000000,0.000000,0.000000,0.000000,1.000000,0.000000,0.000000,0.000000,0.000000,1.000000,0.000000,0.000000,0.000000,0.000000,1.000000;;
  }

  Mesh A_normal_mat {
   2033;
   -54.570747;99.742989;-18.470314;,
   -50.160049;91.554504;-19.200714;,
   -51.127983;91.554504;-26.087887;,
   -55.569134;99.742989;-25.574245;,
   -62.456219;94.690063;-24.606331;,
   -56.096741;87.909012;-25.389572;,
   -61.457825;94.690063;-17.502396;,
   -55.128815;87.909012;-18.502401;,
   -50.160049;91.554504;-19.200714;,
   -54.570747;99.742989;-18.470314;,
   -55.569134;99.742989;-25.574245;,
   -62.456219;94.690063;-24.606331;,
   -50.113686;80.709778;-24.715349;,
   -49.563374;80.709778;-20.799658;,
   -45.923275;83.784210;-25.304274;,
   -45.372959;83.784210;-21.388582;,
   -50.113686;80.709778;-24.715349;,
   -45.923275;83.784210;-25.304274;,
   -50.160049;91.554504;-19.200714;,
   -45.372959;83.784210;-21.388582;,
   -45.923275;83.784210;-25.304274;,
   -51.127983;91.554504;-26.087887;,
   -49.563374;80.709778;-20.799658;,
   -45.372959;83.784210;-21.388582;,
   -50.160049;91.554504;-19.200714;,
   -55.128815;87.909012;-18.502401;,
   -48.919449;89.406723;-7.092298;,
   -45.810623;89.332626;11.666568;,
   -51.273506;87.679596;-6.761457;,
   -48.701344;87.211754;12.072833;,
   -52.983826;90.056778;-6.521087;,
   -50.801582;90.130890;12.368001;,
   -50.629772;91.783920;-6.851928;,
   -47.910858;92.251762;11.961736;,
   -48.919449;89.406723;-7.092298;,
   -45.810623;89.332626;11.666568;,
   -54.478340;86.994225;-28.785044;,
   -56.759876;90.165337;-28.464397;,
   -53.619614;92.469299;-28.905731;,
   -51.338078;89.298172;-29.226381;,
   -48.919449;89.406723;-7.092298;,
   -51.273506;87.679596;-6.761457;,
   -56.759876;90.165337;-28.464397;,
   -52.983826;90.056778;-6.521087;,
   -53.619614;92.469299;-28.905731;,
   -50.629772;91.783920;-6.851928;,
   -51.338078;89.298172;-29.226381;,
   -48.919449;89.406723;-7.092298;,
   -50.801582;90.130890;12.368001;,
   -48.701344;87.211754;12.072833;,
   -45.810623;89.332626;11.666568;,
   -47.910858;92.251762;11.961736;,
   38.983582;91.754478;4.570651;,
   38.483742;94.325043;6.434932;,
   36.225807;91.465775;5.637976;,
   35.971733;95.036461;7.278742;,
   30.957317;92.913666;6.938789;,
   31.740879;90.255470;5.044274;,
   28.323172;90.500145;4.376616;,
   26.730743;92.032784;6.510618;,
   23.137007;91.172028;3.450874;,
   22.684217;92.086586;9.251422;,
   24.960554;93.306053;8.550065;,
   29.872402;93.214981;7.678509;,
   29.288860;96.267990;8.197729;,
   24.496435;96.067696;8.530770;,
   25.622103;97.547668;6.110252;,
   30.235010;96.155037;7.509438;,
   30.621140;97.228607;5.660074;,
   28.211235;99.663391;3.135270;,
   25.503790;98.794640;4.141078;,
   24.682781;98.705330;1.019245;,
   38.554874;96.750038;4.285776;,
   35.448826;97.015556;4.674688;,
   38.573227;97.215042;1.001287;,
   35.138664;97.792740;0.541800;,
   38.817055;94.913033;-0.538997;,
   34.014614;94.413506;-1.364903;,
   27.527151;99.138641;-0.255136;,
   27.313719;95.755188;-1.120477;,
   25.322853;96.260994;-1.648183;,
   19.249800;99.866127;1.450419;,
   17.602133;96.729095;-1.423948;,
   21.405773;93.112473;-3.323159;,
   26.780813;93.329605;-1.529529;,
   22.282661;91.043617;-1.517935;,
   26.834414;91.979767;1.265745;,
   23.137007;91.172028;3.450874;,
   28.323172;90.500145;4.376616;,
   31.751217;91.042503;1.010868;,
   31.740879;90.255470;5.044274;,
   36.225807;91.465775;5.637976;,
   36.183563;91.769066;0.665020;,
   38.983582;91.754478;4.570651;,
   39.100403;91.918228;1.508652;,
   29.194826;93.833168;0.236586;,
   45.301365;95.157394;2.935051;,
   43.157951;96.068756;0.853865;,
   43.021255;96.172218;3.677104;,
   45.511909;94.266800;6.328327;,
   48.017159;94.136871;2.520688;,
   47.874901;93.443512;6.675360;,
   44.819969;91.753029;6.470168;,
   47.258938;91.093575;6.956150;,
   42.529953;93.986626;5.698446;,
   42.017494;91.762398;3.491964;,
   42.529953;93.986626;5.698446;,
   38.983582;91.754478;4.570651;,
   42.017494;91.762398;3.491964;,
   38.483742;94.325043;6.434932;,
   38.554874;96.750038;4.285776;,
   43.021255;96.172218;3.677104;,
   38.573227;97.215042;1.001287;,
   43.157951;96.068756;0.853865;,
   38.817055;94.913033;-0.538997;,
   42.446354;93.631248;-0.706583;,
   39.100403;91.918228;1.508652;,
   42.140205;91.508629;0.697932;,
   42.017494;91.762398;3.491964;,
   38.983582;91.754478;4.570651;,
   48.930775;86.965141;-1.690146;,
   47.452950;88.141693;-2.886009;,
   49.076988;87.176117;-3.208609;,
   46.890224;88.052155;-1.154020;,
   45.606831;89.239059;-2.591560;,
   45.242638;88.776909;0.083875;,
   44.075268;90.813629;-1.513997;,
   43.517723;90.226936;1.676137;,
   46.893974;90.944778;2.770986;,
   47.670650;91.177605;-0.786986;,
   47.800152;89.774979;-1.099722;,
   49.734653;87.986160;-1.879016;,
   49.076988;87.176117;-3.208609;,
   49.734653;87.986160;-1.879016;,
   48.930775;86.965141;-1.690146;,
   49.720451;88.015472;-3.194246;,
   48.469620;89.324989;-2.952967;,
   47.800152;89.774979;-1.099722;,
   47.476868;90.656807;-2.576488;,
   47.670650;91.177605;-0.786986;,
   46.839596;91.877960;-2.254562;,
   45.606831;89.239059;-2.591560;,
   44.075268;90.813629;-1.513997;,
   47.452950;88.141693;-2.886009;,
   0.609791;2.346732;3.088851;,
   2.276490;6.738027;5.955891;,
   0.645798;5.389514;1.513160;,
   2.634151;2.136077;7.309497;,
   5.789899;6.831730;6.248665;,
   6.530037;2.240609;7.632214;,
   8.392605;2.310300;3.468165;,
   7.072087;6.197664;1.609815;,
   7.594346;7.612182;1.738382;,
   3.043475;0.000054;6.148096;,
   6.227618;0.000121;6.468526;,
   7.655938;-0.000670;3.265293;,
   8.597294;0.905563;0.411223;,
   9.131959;2.054629;-2.594401;,
   6.569296;5.772194;-3.139267;,
   8.905856;1.626665;-6.399848;,
   7.174164;3.027770;-7.811284;,
   2.765237;3.754130;-8.052363;,
   1.917463;6.611513;-3.538685;,
   0.674809;1.524624;-6.715164;,
   0.813055;2.188642;-1.847775;,
   0.645798;5.389514;1.513160;,
   0.609791;2.346732;3.088851;,
   1.196067;0.910265;0.763543;,
   1.516990;-0.000812;3.022095;,
   1.516990;-0.000812;3.022095;,
   1.231412;0.000208;-1.529340;,
   0.621984;-0.000316;-6.033274;,
   3.020612;0.000181;-11.639726;,
   3.332338;2.042959;-11.764114;,
   7.211570;0.000281;-11.310088;,
   7.150318;1.762817;-10.890448;,
   9.410390;-0.000037;-5.672929;,
   8.460569;0.000409;-1.881746;,
   3.020612;0.000181;-11.639726;,
   7.211570;0.000281;-11.310088;,
   0.621984;-0.000316;-6.033274;,
   9.410390;-0.000037;-5.672929;,
   1.231412;0.000208;-1.529340;,
   8.460569;0.000409;-1.881746;,
   1.196067;0.910265;0.763543;,
   8.597294;0.905563;0.411223;,
   7.655938;-0.000670;3.265293;,
   1.516990;-0.000812;3.022095;,
   3.043475;0.000054;6.148096;,
   6.227618;0.000121;6.468526;,
   -1.920566;35.010799;-0.371730;,
   1.168290;32.327114;-6.315632;,
   0.050257;32.799652;-0.402227;,
   0.454666;34.447811;-9.072296;,
   7.576991;31.635031;-6.783214;,
   1.538076;28.850393;-5.813270;,
   0.050257;32.799652;-0.402227;,
   -0.529660;30.320118;0.675329;,
   8.349746;33.378487;-9.245434;,
   12.786347;33.501881;-2.029640;,
   10.906150;33.039398;-1.633400;,
   8.628917;32.982998;3.840769;,
   9.036734;33.968300;7.038247;,
   1.814708;33.655537;4.071557;,
   0.672009;34.658058;7.309106;,
   -1.920566;35.010799;-0.371730;,
   0.050257;32.799652;-0.402227;,
   7.943104;28.381994;-6.046729;,
   10.906150;33.039398;-1.633400;,
   11.862131;29.435566;0.196648;,
   8.808565;31.229778;4.270568;,
   8.628917;32.982998;3.840769;,
   1.839804;31.740990;4.577928;,
   1.814708;33.655537;4.071557;,
   0.050257;32.799652;-0.402227;,
   -0.529660;30.320118;0.675329;,
   0.134311;25.369234;0.522124;,
   1.436459;15.133102;0.056211;,
   1.973816;25.974854;6.210660;,
   2.466464;15.581474;5.573391;,
   7.205401;14.864955;5.763951;,
   8.695858;26.439587;7.152449;,
   8.266572;14.365894;0.929499;,
   11.141052;24.871275;1.356438;,
   7.481742;24.214130;-4.131367;,
   6.684342;14.307970;-2.576311;,
   3.864841;25.805698;-5.314976;,
   3.413741;14.571262;-2.957224;,
   0.134311;25.369234;0.522124;,
   1.436459;15.133102;0.056211;,
   2.906967;10.656726;-3.788868;,
   -0.628161;10.269526;0.502678;,
   2.505493;9.592498;-2.306435;,
   0.628985;8.784084;0.583128;,
   1.917463;6.611513;-3.538685;,
   0.645798;5.389514;1.513160;,
   1.323565;12.129989;4.962139;,
   6.629753;11.312422;5.492961;,
   8.166999;11.171029;0.791229;,
   6.339078;10.072085;-3.160558;,
   -0.628161;10.269526;0.502678;,
   0.628985;8.784084;0.583128;,
   2.390929;9.318890;7.286425;,
   6.532676;8.910089;7.051254;,
   7.594346;7.612182;1.738382;,
   8.626339;8.345216;1.544100;,
   6.312362;8.912338;-1.490023;,
   2.276490;6.738027;5.955891;,
   5.789899;6.831730;6.248665;,
   0.645798;5.389514;1.513160;,
   7.072087;6.197664;1.609815;,
   6.569296;5.772194;-3.139267;,
   0.134311;25.369234;0.522124;,
   1.973816;25.974854;6.210660;,
   -2.810302;21.272448;1.124226;,
   -1.172697;20.887550;9.315836;,
   8.851236;19.944651;10.134439;,
   8.695858;26.439587;7.152449;,
   13.581258;19.327635;2.689037;,
   11.141052;24.871275;1.356438;,
   9.106326;18.485451;-5.282304;,
   7.481742;24.214130;-4.131367;,
   3.864841;25.805698;-5.314976;,
   1.531293;19.049837;-7.064167;,
   -2.810302;21.272448;1.124226;,
   0.134311;25.369234;0.522124;,
   1.538076;28.850393;-5.813270;,
   -3.236891;29.712978;1.166343;,
   -0.529660;30.320118;0.675329;,
   1.205470;27.526436;-7.863538;,
   -1.409808;26.199797;0.948502;,
   1.808521;24.110338;-6.556879;,
   -2.810302;21.272448;1.124226;,
   1.531293;19.049837;-7.064167;,
   7.792528;23.762821;-5.475634;,
   9.106326;18.485451;-5.282304;,
   12.681717;24.775940;1.754286;,
   13.581258;19.327635;2.689037;,
   8.747414;25.826839;8.588178;,
   8.851236;19.944651;10.134439;,
   0.576427;26.550808;7.352726;,
   -1.172697;20.887550;9.315836;,
   -2.810302;21.272448;1.124226;,
   -1.409808;26.199797;0.948502;,
   -3.236891;29.712978;1.166343;,
   1.031194;30.821533;7.178054;,
   -0.529660;30.320118;0.675329;,
   7.943104;28.381994;-6.046729;,
   9.089804;26.949663;-6.919206;,
   11.862131;29.435566;0.196648;,
   13.557726;27.884230;0.929163;,
   9.021138;29.889818;7.966008;,
   8.808565;31.229778;4.270568;,
   1.839804;31.740990;4.577928;,
   1.976355;35.016193;-0.584966;,
   0.006738;32.804256;-0.582541;,
   -1.209476;32.330521;-6.475222;,
   -0.543320;34.450943;-9.242930;,
   -7.624639;31.634390;-6.836185;,
   -8.439499;33.376732;-9.284844;,
   -12.755188;33.497925;-1.997995;,
   -10.868342;33.036800;-1.633071;,
   -8.501167;32.989628;3.804801;,
   -8.855133;33.967556;7.004353;,
   -1.684188;33.663548;3.921348;,
   -0.487501;34.662605;7.136189;,
   1.976355;35.016193;-0.584966;,
   0.006738;32.804256;-0.582541;,
   -1.575975;28.832253;-5.946396;,
   -7.984224;28.366514;-6.071667;,
   -10.868342;33.036800;-1.633071;,
   -11.798256;29.442486;0.232617;,
   -8.676424;31.248306;4.249265;,
   -8.501167;32.989628;3.804801;,
   -1.703268;31.756794;4.438902;,
   -1.684188;33.663548;3.921348;,
   0.006738;32.804256;-0.582541;,
   0.600209;30.321972;0.502053;,
   0.006738;32.804256;-0.582541;,
   0.600209;30.321972;0.502053;,
   -0.068598;25.370975;0.376068;,
   -1.812846;25.996071;6.092434;,
   -1.383232;15.134072;-0.034720;,
   -2.321024;15.600942;5.497352;,
   -1.190116;12.146873;4.878418;,
   0.686198;10.270877;0.393172;,
   -0.570576;8.785618;0.500620;,
   -2.219204;9.338870;7.230543;,
   -2.125321;6.738317;5.905274;,
   -0.572422;5.389729;1.434780;,
   -7.056474;14.887574;5.769112;,
   -6.487121;11.333872;5.500163;,
   -6.364518;8.931263;7.066341;,
   -5.633083;6.832030;6.259324;,
   -8.518051;26.467459;7.144477;,
   -8.198227;14.373360;0.954649;,
   -8.102503;11.178006;0.825160;,
   -8.550602;8.354903;1.594786;,
   -7.515945;7.617144;1.777931;,
   -11.060158;24.881605;1.395121;,
   -7.493038;24.204662;-4.150669;,
   -6.674614;14.303187;-2.576807;,
   -6.341156;10.065239;-3.152905;,
   -6.288202;8.911308;-1.476010;,
   -6.996046;6.197888;1.643572;,
   -6.576223;5.772343;-3.113554;,
   -2.495385;9.588118;-2.358406;,
   -1.932067;6.611647;-3.594120;,
   -0.570576;8.785618;0.500620;,
   -0.572422;5.389729;1.434780;,
   -3.895582;25.790440;-5.399511;,
   -3.410683;14.563491;-3.012972;,
   -2.919704;10.646001;-3.840167;,
   -0.068598;25.370975;0.376068;,
   -1.383232;15.134072;-0.034720;,
   0.686198;10.270877;0.393172;,
   -0.068598;25.370975;0.376068;,
   2.883666;21.274595;0.942423;,
   -1.812846;25.996071;6.092434;,
   1.382487;20.917213;9.161372;,
   -8.626877;19.982336;10.149807;,
   -8.518051;26.467459;7.144477;,
   -13.480499;19.343636;2.786230;,
   -11.060158;24.881605;1.395121;,
   -9.139309;18.473139;-5.255715;,
   -7.493038;24.204662;-4.150669;,
   -3.895582;25.790440;-5.399511;,
   -1.594723;19.027676;-7.165266;,
   2.883666;21.274595;0.942423;,
   -0.068598;25.370975;0.376068;,
   -1.575975;28.832253;-5.946396;,
   0.600209;30.321972;0.502053;,
   3.314949;29.714987;0.949908;,
   -1.278186;27.501459;-7.997589;,
   -7.984224;28.366514;-6.071667;,
   -9.145979;26.931978;-6.920258;,
   -11.798256;29.442486;0.232617;,
   -13.482166;27.894447;0.998313;,
   -8.676424;31.248306;4.249265;,
   -8.828085;29.920490;7.952085;,
   -0.851922;30.845366;7.028194;,
   -1.703268;31.756794;4.438902;,
   0.600209;30.321972;0.502053;,
   3.314949;29.714987;0.949908;,
   -0.396361;26.574993;7.209194;,
   1.482806;26.202093;0.773971;,
   2.883666;21.274595;0.942423;,
   1.382487;20.917213;9.161372;,
   -8.626877;19.982336;10.149807;,
   -8.545988;25.859407;8.582861;,
   -13.480499;19.343636;2.786230;,
   1.482806;26.202093;0.773971;,
   -1.861039;24.089949;-6.669938;,
   -7.826379;23.749149;-5.488098;,
   -12.594030;24.788389;1.818870;,
   2.883666;21.274595;0.942423;,
   -1.594723;19.027676;-7.165266;,
   -9.139309;18.473139;-5.255715;,
   -0.508922;2.346973;3.009652;,
   -0.572422;5.389729;1.434780;,
   -2.125321;6.738317;5.905274;,
   -2.459305;2.136390;7.264992;,
   -2.888839;0.000349;6.110947;,
   -1.417149;-0.000570;2.958778;,
   -5.633083;6.832030;6.259324;,
   -6.348966;2.240932;7.655657;,
   -6.066905;0.000425;6.486905;,
   -8.283932;2.310557;3.524751;,
   -7.550916;-0.000417;3.309091;,
